670545334951
539716545535
537278531263
628720831507
589254281877
476246917571
588040442852
900483414573
109518148947
807643119931
879915826965
248607072609
710687377136
851847310104
816829919314
565525861685
731106154663
134565760403
608503833249
628783396361
345937978605
359108446499
346179455763
178055110493
597109127072
631013077512
793104347045
683779684067
239962787049
377005483114
653609737459
74383808351
545263322459
428871905832
793545263872
654353191172
731734254156
572560062017
196408041412
962601941790
134706361341
57453882378
709989223201
31898834307
776328303271
768264844824
32603538226
520710823990
514703342478
667250369528
154049370723
641463130580
544404459589
257309013903
526154710478
779114095352
875331561150
136659886360
226281039751
188240173458
422578807582
929984857491
343443260808
875933974164
376050634211
944608657224
752028504527
992788954772
936517690279
105308862702
547760312376
352258157069
490711597096
606146510004
597318294883
805596474784
498315105805
775445987069
844910800118
51194835495
667585934219
427326566566
312735041109
436421918931
38337568381
494006268671
523517251881
679900293103
523976330805
715310006977
800933829629
495004216183
795376010585
965075150962
549536111996
211164762571
871680100221
792155659736
557978937095
825945498988
