647126290689
377245953927
910204043313
332176496353
516972822192
406133398827
569525659135
765087264358
11799342955
674537106111
359704813072
945230847400
570031724646
168804331209
945316088781
475536289620
808029098923
956175911981
6431860456
519156788557
265294030447
747395451262
511918502026
81876931483
784992175727
524283096755
122612875315
922869642606
67414623160
844885671719
414247358745
443722540529
453878516832
54389265152
776240514027
169323768389
531438849536
69619490373
877729026727
848298498915
753236035513
908795750721
291284512226
62730460245
634591841604
592901710258
59018511951
208159684990
777409398601
541013649091
384831962346
735819801574
372561940902
698745780570
910063141108
379362878381
508742435885
124151474417
536841423739
615349442936
366093182748
175635004939
551690124922
31387063980
799783476159
661541554717
513492196491
238146792962
151504395620
105218747906
482750058998
299602518831
679722106294
982528906061
764941156623
334037198995
560604214144
491031352174
165875671750
348051969531
521518086097
448229538336
653034628712
860589983366
167796304371
877040293632
341571288825
653467130176
901373089661
504437095999
657926006856
270097327279
68644741146
397805192366
751526228275
284659377221
58189457838
707869684248
473444935964
806249340461
