878538153000
653416931489
838235677829
235071593962
121741328356
117191982795
269929967090
287493630527
977159665138
861220891015
539709386699
66404768458
122374465818
373089138607
827133551568
909500203465
81215275137
614923860725
273611075801
942057419734
758232538071
220718937933
377398615602
132698247786
143995561114
922442769180
801598283753
363612719783
465509674769
952415301584
348749346159
93976539536
549926258460
579129447023
286215136183
262314251582
167236406812
235705203271
493425138202
16006347645
396688904129
79238693094
975250306634
249145056700
561702657706
229368425453
468396090727
300945609652
875522502296
26775083351
861077959876
648121963921
942532484589
155519110333
183194195215
628323244692
984859892813
60819170320
400866411367
660431190445
362975947839
652606920752
427106953143
106683454693
45740959836
940036211065
7313604596
665145205088
70976835179
699800803874
605204641970
401141032438
236927860952
349256232270
945827530474
5622283057
404839051011
384407820648
242192560811
558605766161
142762092490
543132226420
549964394658
858338079682
493331548120
412253094526
496074528782
911013126746
254840065699
881660882634
593788438241
947483926486
176370890553
577184740093
322596451332
621617465058
718553534472
777642757507
988039444650
377658657611
