146179033234
626112181082
261338538209
978425078642
639952496872
721437584141
342998113852
814898859200
760153524345
559956286969
929055512150
610763414125
499063803057
531878442912
165820528961
721993217630
971107083172
186338836504
932862990293
471987701800
401932008994
379760363232
149581775419
798049541231
388529344130
709978066999
717993596446
923935452398
113920765884
627557315314
465136534531
138111891609
970854528576
279664856734
454968673917
834316146539
245623978301
640607977506
104444678137
189048638726
679165154716
789955005261
619886654023
832249419137
461102490865
491407441119
19097206498
817816542642
42930883837
35576865399
384750616605
477830920904
290383522255
128845140881
593034660985
387524177257
66800089526
734146791938
603224053025
852103497306
137569565071
242755259885
742422180170
234353421331
861632680017
527749609021
988027400341
838968067581
631242633687
509384709322
260855749975
868316152276
238634716271
767785444532
592199309828
326064828561
557232627983
795800803796
487553216049
320360146908
342263237936
532921034594
90137104039
151815113413
966239122611
514415558172
68923472114
763078265842
338902441949
186129680027
838078307813
810927901465
621312730203
251796117213
279231111277
931183826941
790987716336
426374424013
405880170914
621711391113
