564784634968
140074000795
382289207581
275256140007
373500828653
84332037359
952200424792
290450746248
897022815296
732849238060
398289031673
431840314055
723199086783
890406410219
82501153123
500342660622
19142121560
880980634559
999662934549
990278013270
187612224621
572748634261
159255056358
951843269472
735147111324
938542997505
321455992587
334096309709
546862985048
491288996076
591017778551
363883275567
845517663062
787033086654
96985862153
199128807396
979847442582
857255124075
968756829330
550719554607
958057497028
370375475520
831328331778
24503897674
85179217801
605451434324
830731148804
605830591859
206311448382
868829104364
937427896476
52784993059
236708415638
601168816927
998644532635
743849857759
405034610911
646350842338
23154252146
809120722918
955587445383
268187197893
933395478348
197399118654
521659455016
140864291566
391643384447
440606287945
281065049038
182833696615
580279667308
284112416848
308926106809
480899376013
889525575891
539808107656
608022761234
765131785047
995532835363
249288420369
57175578011
271549917806
292676009670
75352503198
717444035526
290292578635
760398309646
393598075965
148375344965
643160769911
43282210854
415685305863
173867921011
585135078403
565063624921
168672981125
373817019816
588242882842
658887807222
227082308348
