886078631682
394660792118
936109818196
788393858917
700425055928
469538818174
641679820186
91483034879
371204574832
796225388323
460592857711
172939437316
45385414252
707577845620
856192880839
915369597372
81758563951
553660399822
845325101609
256201698241
904062567300
391976287778
33209346803
940344841806
761604454176
42048652564
4454427415
558063532630
193948349979
417302438500
148218505104
447418327693
435877545978
726330693627
63585385733
373821146094
645768052526
708563173992
3814193051
402408483740
674720572362
377379871480
648856704720
662382788070
540114666465
28123600762
994699613826
586493982382
154839952678
810185142612
208407293637
506405775339
87748074591
919429275905
908855484930
148818658869
59227300967
560211147522
222539424855
62568630770
34343454994
219976026739
56615233076
407305181641
853011889719
50342143308
252745218340
662266056881
225588197090
978282421034
163086867595
418556934760
8179754909
100274098257
238534796177
930146492942
148477052076
257797383853
28817699854
235866715455
79253104071
823586770695
586418211786
87391612476
247725616941
15286780634
446696745580
232681040642
799039278140
315850410089
278319133098
727189589505
159089983627
805257182136
977535432280
783204378167
812989093119
114850876145
705308957457
597507640721
