142660439972
671734127309
163237920780
266680112670
707642707107
646690638051
685369276910
933726195491
169712384055
515539688304
532256455993
572970343823
513226270542
520793059778
876163843339
668468608744
10089900890
796180380651
335551735824
326966672178
132927335986
274397229060
65329843612
851712918004
979900124142
131615657815
820391611263
569712289425
411891592468
899821358174
614493382750
694344115896
480232321653
931305531654
623079401552
141826554559
756868862296
13449046034
425791193076
741271503800
159978238694
896951753363
125165943729
694003803225
707480427622
760196239955
29156428721
663107047987
994307356663
725770081625
190897035656
43362862583
197478525878
935195458846
582722705939
539708332440
58236853468
988356154702
576181290037
785044217854
58700087504
530766159474
422137377587
417067349286
189830864834
880235638401
4954753317
911703559238
872470130245
802579738175
539519456520
952791771793
49786063299
913906580611
803556749436
891985642754
568603654123
797313485451
472686984639
300119691231
363824465830
494227965415
51368351193
426012643512
497304712370
120743033028
597864371774
294115983331
284901727570
560025913297
532251402472
177913736644
380876074466
701058847002
716931969374
51869127998
531777960105
225130514083
90258566320
957846331245
