85339570913
877157273298
730347502509
73126204251
853091965247
453167250495
982370261312
498403835695
136513757251
201395087195
582538775589
418035857136
300760012637
63161662137
534003189456
776600550549
892014977263
470710485136
397804379024
174675888222
386427956639
720238382367
847909812241
495831289555
704585649049
53344668452
556676308074
716418571442
586488306323
79717561104
800796303031
812913364759
709517931608
988234015082
509539020417
742553260527
869866196844
649566446336
502792729137
623776611659
845069647483
68324315529
174129072684
517466965028
709908115508
329936097941
983863806901
838559408314
589309856990
642202073652
689181460825
318575380300
126698300710
776562267418
826852348438
156980011674
178920447362
26256728969
994470589075
341663133315
39482449502
953178529551
868431140876
510288540450
889522129819
338468937130
888150344289
685684708985
210219808544
107634342339
939949331962
506645489103
264166511910
509394317068
397269472338
744084370655
616747236260
361627459799
647761871704
928606744283
450565960612
428126482955
30663637007
684308856376
186467657517
746634690989
584511625583
697023716396
211574590531
152957457105
606237143931
430260163025
783405087662
967207949333
164477750884
896467870392
616947393507
844218087838
979856830699
520045799395
