516022513163
504924180074
43625256019
3800280874
906307113895
284452271248
846098501147
710711676421
714203100840
519108096659
3875671165
483923016062
808541882566
244246231497
105603136658
623792048494
336919894181
862955480356
973354448161
564731338472
755298313590
63292042279
285721432232
16436392560
425717688140
57315935866
401722065282
174149515377
859350110950
571145802992
605224079824
970667601401
586851727524
156956330308
142845669345
87165857055
215326854180
267259248464
457200684656
706623735171
716655322032
964964711936
110742190243
657661717950
488176425132
885908781635
948572597171
954906832509
838942243663
439761564301
283663844917
626545542277
828768425712
101407616841
31746455685
363827610387
591541262386
595693580106
714242583027
819258686481
894562822031
709102419248
695213288469
750197569802
851341063921
659067408185
383742625892
306764615848
958839383105
364679218041
109373940944
468228434436
222185196258
619288637282
873016921090
277878317219
371898860575
153528766925
909429157701
328227384024
879391102372
897789541497
849576887298
92860670137
27137696817
679101942291
831981030128
360817930256
79834147900
626260530421
656770364017
503348040194
167142966630
474498624810
927864359235
929838934092
356150014003
600962131818
401712985093
889036352408
