930653482610
126553821563
147616736215
672682840587
402213800144
953677257616
737554872115
769258434785
731074736460
18207400505
955010125495
65743689948
462709087941
466112353365
674986613383
848455468893
253960090194
636535939772
370959654080
491356232597
158121491719
160127885624
410899300075
162004118828
192837699906
93477516991
407183160646
984654714932
882604696491
207818628886
749541696753
927846634986
458158285673
739829684769
454701611872
536058143470
7760665420
654967399364
981483530829
975809281892
191368415972
327438804162
600031885534
748279435640
593399749299
154230741435
66091220157
445857904972
645076648835
188490308146
592698905408
933789475503
791527132349
346057673147
312044508057
57435235849
424725509730
882055328974
561709954751
851383894848
422961124211
841072389374
910686091373
599051491997
875196529401
984100127490
553162344308
854501534444
294624387882
274200140275
459483935413
951891246336
485595940266
36502972074
679261341699
361590136196
582510913572
77083716042
321483402771
184140978403
266189280227
728713067078
527459915755
102907404392
176972661752
751449229505
346657809864
839402428211
309521585143
982152081301
585661599368
364043501635
689091446393
418487429572
483316648209
186812254190
681960969581
542663956862
864272569916
177989038277
