931350689474
865719417599
10901388045
591784019367
202423789592
78534103342
573081407015
74323655385
845763262141
215291405245
924822586342
839429558609
671244649837
797270072275
321911062596
71151887980
250316203088
71333148001
724912412815
670198894504
728965818533
671811010112
105680735094
708323582384
162692015679
126361235259
729976281508
977600573878
729728645934
301311504539
978099998440
692753701219
280206130820
324074442908
250410840080
415294125924
1577536526
480539908370
702352212696
696804008171
472717795639
270341671516
306763149734
919796774544
363900613178
232923341240
23249872495
318462970186
77595846995
411211568858
349267358292
732941089504
497194179427
244433110236
997093075633
200111086208
553137960740
87031554813
799419684047
784356042040
298192533323
210219123166
896807314863
974407755661
76611005363
806559339807
739464673071
120065196267
127791069105
513478872675
41617206492
464652286535
624046091780
907665897609
908666468838
287826305876
186633977488
449722782023
531700688915
155024607956
191611052434
603728676731
58916204315
611898432398
249054801109
767210718749
493534651865
162778714668
895341966299
592731904670
901443984373
653934484507
818159917926
515696623236
456890118243
434096777196
659597162470
468999898993
473001241728
575589986292
