722420594599
424413735871
702954784936
979041099639
558910484243
208875535566
384038638655
28924301027
481826649172
151436672376
18789108201
120761741404
139298554165
358335142218
56447746815
481946765074
453887106273
911905283662
58848218951
957094012242
662484678129
658271125322
318267162493
365422408867
180205942099
674093527321
320745315901
898945023804
755803898164
624750609188
536038421912
438983038023
824443339864
862153250265
267165951878
889161638447
130636009122
962695569844
106485735878
782756172689
33095309475
22424768838
701636364954
755141993469
176791608428
189135390128
21697121022
547737493452
655258188698
983891566114
815911554994
412679824986
356350984785
874090716198
484283523879
967552840795
866181813568
235544990453
148643718450
882865105538
243383206981
988689632829
775079189289
679133665803
26695188536
352818392304
500203256399
962207814228
149814960831
375901247898
8267313459
217860875632
902514496535
183398700950
788819878443
336340934124
614101262441
528436668558
372234192376
745734627023
869532533041
969609532636
911489894266
103487177571
286677074620
454662788614
701979068819
717375718273
672042239588
840378301979
687063553067
581821271840
469779014050
604818237298
355944927085
209938578215
477854528916
471156833003
820667106495
529409145092
