842814267171
722042814815
843131717774
372922343743
737520119205
399009977946
131363400001
580782572880
58763723835
147676083111
458646227760
295170574041
811180158891
241930032764
214591028873
454355946217
361314600149
915358070222
326335948603
874077734987
30182953424
273780884032
815009421574
478763253994
80410312054
553323963502
849200390962
873524992423
625368949965
698364992137
615361709683
551991980433
968731511559
416093378187
563725344155
410316475534
85438455050
855160887695
661862397171
451160696092
535880853883
226945203954
177001893159
848230854180
928158912291
464658637588
46470489806
905769981814
645145409793
392711389651
421475313898
666845667503
256000556879
269607783610
758513424916
375049766197
513393720289
152020636197
839009850772
62553132381
369430529207
799874305784
145998365431
485968264078
646748134675
873910199545
570182239826
728341710072
559721171973
55230278828
654634075393
251037288711
766085383759
178615426421
355259717925
482655345137
167060676651
55997747887
156570736514
918000827574
472602702037
873790958627
973768113783
495878301056
831301394158
34546717970
258814135263
45565673349
251639839135
364927471106
289926430234
138875188618
602653170429
382842937990
472073464983
630270650331
789514207680
517606402038
822636588809
149655348301
