753047897888
823276129591
991023007052
562530789872
5833511951
163467243130
337337325490
560498052663
170928271599
134134587019
921647512033
689126237936
622499919943
839873693701
224301000473
732880270408
263819123944
125656205292
727201085257
579317490698
929786965569
521240492174
820094917709
602788806297
693105856974
90214868993
636160346144
408107844862
331832464908
490055353341
696904247798
541610078893
946135553482
206488736294
410784678799
322577683841
462008850991
489689912151
678444243386
33394665961
748943066918
917703789433
379162695653
216352797709
928476293189
911387133341
777774475873
839239580392
221677890379
670812858120
734223520086
992099831212
944337218357
258481709767
354956115885
521767272418
828677486016
367869697407
794812092087
544136335741
774597887057
892244291081
484996414561
643898452835
315535657157
228408737250
203531647426
505152736532
717578413663
104098347168
959731306147
17239435570
21360677498
936305442790
740558977657
846507519109
357499758362
705079246931
31325875135
622867470313
951366236815
649320011577
107277047999
456562241285
636743044060
143931634476
60525764326
685735528425
565379853394
264820555100
497345791512
185353126005
790941927531
289966191127
929062994262
390582462663
231485496501
694943418150
267410972722
110852355974
