678659420880
446660615308
353180632536
509877958545
917884215301
370464697139
281920774153
335750410992
255587400042
695061039854
553666112620
518580178763
149971258666
418224057771
768745507210
406412907804
84327862559
909575389586
614095199195
287145885951
344760633142
574735037270
187812119407
204418336375
166787575460
858134559270
419108998457
383521032272
920349468574
364183773801
582862844367
467141333916
837700710491
854868841396
889773695427
483295621186
54125316765
877407308393
582608705386
412118605499
71435212169
637330089521
256032133202
874619404155
77354733691
126838820917
494578510088
753736116321
319286622224
360763050171
967189747050
204744805243
448096706716
138610860155
405424085865
648226061304
217236506870
901372262753
85786099049
583368953394
902476982905
722194314737
749711916343
43500432555
680191213475
775766507821
857359756550
459508568564
387275306747
491164304166
942424440262
362523371547
914058923421
573706939708
110098444856
876310594299
49811442798
461995817025
715521024668
648205150564
501454618914
842232122329
858657043850
635536344460
482389201202
750196426688
250077887321
470149708246
873209248848
447686744099
596214140038
208451877287
703728703231
210132304532
355294841718
529841753023
518379865971
749579086849
104353690346
104150403563
