866152973137
883417649867
484354480400
116121816239
283201125861
804300170563
382199049660
746324465860
357221819341
174261265140
966495850717
975928850592
67208443937
842329811441
733136445258
415839465794
237386090948
143803280412
673058406189
793375004407
755119725768
723997326175
570819615428
115967449995
238771306162
292841433766
401958055490
202717838289
30844883074
151903245800
215117383832
537497407409
940181041403
645105272262
125975149026
634429300239
213415469615
595055269179
323485993705
87054983923
82300145356
292660630175
463067104952
186730168458
448256124915
322851182011
890022436120
505475200475
301305646060
724843452683
186098386508
823546618327
594779409478
818105130212
924516365145
713568138749
506384742691
570340919536
44344331711
493883495351
781919335933
666924696092
167341913186
278604815453
140650852766
184021597077
387212924599
250507749116
882176998282
173067817385
184490403625
635144171236
188476553277
136790523780
130040745439
912998390977
890346008732
115207452894
631695677565
559522521747
179786689945
43945192689
412012904237
256682373428
842655004860
495065078464
168101077725
103692102845
630669811905
76532012062
181652876248
717474782893
221555433809
761767995697
845194423249
899929065608
229049336718
349876220991
556698910006
803303312773
