882606469671
222832824963
419894287433
53054261801
142572210711
310984539395
58661089522
341438161409
449131505403
609625587205
125508753558
80658043530
987071923576
486497939033
650098225038
110237432113
197696199033
883486418684
940266824108
203619564634
305351933757
859800504581
482404327833
988183610279
628635770984
278432873257
712973943183
513077607603
645031158861
239576786091
493009817054
987649791992
637613852731
144917048523
840035006833
330737111872
851717081720
65077353910
119391373056
624825933918
244982421301
135416026355
640156490637
930627972386
672206834933
2844208327
875250725502
931927393628
173946323271
920667644715
416494683391
587861625253
777098211747
980593457791
58313917369
752353696833
608188550250
229441949468
77721109979
815188897494
31793201572
840560362270
322255790948
922071301241
67408454979
352651882282
104486086795
315160119293
194790852857
142171587874
257130910967
142607502123
94952483464
231821765188
264298150572
610941021237
747214099639
377368150714
285491944295
730652715238
335389383885
934848741740
19787176870
99313027012
595663894804
434590662256
602365036173
998070788256
98261975702
574923779133
12482793978
791067860946
38595115456
691418443005
414137465481
497333704549
149706418496
715585175647
185314061725
71336445670
