765144462663
366802117603
550996027990
264823813948
9805290778
665109281227
995993880492
784260385721
312151039605
28162705629
432327328580
748168495797
490652708840
644516619183
674789745725
101795395343
89910809400
965313320852
966268379525
165823159925
514142189416
641197684819
395050938970
180641950958
276077953243
173009119531
808809754658
134389904398
283173072236
322917241963
609695845137
248478114727
709730188652
632453264413
662930889435
479440562277
344811937093
658291211915
468520209040
100701888190
783583011471
637686146826
906458430089
944001976787
806199280736
579547136937
270510947879
545952241314
146652265815
319710593351
381792591569
42557638666
844264492623
487840492228
123831093335
899388891664
9883914138
794792560313
483137516192
710408067567
714582818481
870302324481
647797830306
112488101598
295483432099
466284388098
957624347391
616623375860
703196877008
378323181654
687122843330
144100696528
873845744189
568753647028
3482846134
612145549504
629600688913
287954333172
268952457098
6245141440
617126364289
265888288179
425223571835
153129828205
425651632615
598909132851
997354419396
887883498511
982704143344
296302295262
718837713629
885249208117
560585723156
211790378453
886776040842
466161581727
708699354664
140215290535
946775918272
183253974236
