681550462344
487735001316
586000022995
837850547121
6497306402
413182283131
220695258554
848395743624
21979036930
916370254550
537232369638
845532478767
259066520308
466338784010
284720932021
908029754943
338166840833
430181233935
443612923414
992456991104
863810342692
357753392874
169926218577
639985492780
735451901989
653627628428
738335143274
550137044094
334975264891
824651905183
935763328402
187686274629
167977022672
102664651834
565869719896
886281812169
866491425460
676689274677
623004635099
211656264463
112660999381
112478950980
25365456652
315126412746
560975741900
258098289974
919546696468
126272055733
898559160634
591982373686
870349446362
771623286812
711793912694
164619811786
554818686960
30407093755
203709940362
621702560674
907744903449
487588063329
940918819862
78089336604
44084852857
47834689816
953019773345
333335153078
644633101235
88577630230
888618698437
967264526826
992145887613
546530099361
156121705077
345945726890
148176640011
532845249083
428955509698
113975524989
528845415026
961175586056
524836862358
237951383846
945966521328
739610015998
572230712907
322442116772
195368566876
519630758079
79846964749
72322094119
950109597074
226943898728
621418354067
970467003395
577176222854
117582568241
791697913078
278835324871
823390145916
182752957233
