81031845721
976085946
412651365125
970864345969
421942625815
421416960046
674326193614
593082904721
154013241463
805876089592
627608143781
125224885006
788293177047
545455747610
695914079017
811084762235
64762559405
556990347786
655106447082
460886646265
734937088149
398247323743
653547915123
680313807334
676653831364
467435297824
559910948489
988100882937
236730189827
428283467959
795366756584
733962967772
905403766486
667953547715
248668207132
654088255855
375262655402
727448703596
857397961994
50621640277
521648855586
605575531655
427885272534
719139761957
595433415093
773396726849
265216431148
13241217490
491780811490
126376795292
556856949242
177104238304
642039848579
113163859758
737224322952
241465067248
733261885951
329887414890
426690493468
509838255350
256552498023
416354092406
59827052371
804296280813
122073559173
796543208362
198690779566
151871353358
352713996450
597838833876
359483628482
500849718881
299745182919
968676110088
871954854134
231710442473
332058161935
932672597744
645484717616
17354557990
720565828511
52710017262
874670224737
752963087761
416383743548
485114584794
230520090316
589291983360
714251407739
160323858218
421875562137
566147424405
309754794400
574667953741
326933213244
960430792363
445462506057
773423744754
321498246355
562887683009
