387492096344
175372067318
676635705445
804317342457
906557533696
940277162193
706441621206
341590310315
889237178404
661128570448
131305171280
386404424341
434302586148
28639786444
936572558637
125181830951
602199017461
359865393356
98127315700
383618207364
964176299084
915397773024
726123501154
429256454947
952133028251
421495692638
774986378178
431727727296
474123928934
197696033544
999210896687
613061092471
568542626837
133691816938
216959357573
568147298880
476671875398
841482277285
896561722833
795325057882
434628218076
556106573255
824754803659
704384160914
984644005740
419590450395
980872252526
38054059122
212611639845
885632822114
162573737327
309443191608
96219963176
111704874377
19624404500
744510194058
477028879195
355977380485
803653938093
408587126932
26494358666
351264230029
907664357385
936074220498
786621470870
609507823024
795159331846
752389024567
151491897284
421547271827
183715723089
590103132567
959020482056
538910218894
910379570699
936411330561
329014851287
948921746663
738841655497
97890182795
422102683332
132077481785
792680848849
587043812435
307528295792
974587544975
77679935394
749311551754
713397878092
159959885503
28853579215
889138125435
742653417792
113888230013
791039101939
43135467425
87672236879
294802042847
825215506534
442063846505
