760269348625
653406107428
317629659026
417279195193
900401362297
235466713837
169951056216
395158693853
769699462036
313981906680
792811090915
869341761779
15956435026
457996049860
858803416839
382587275992
452523678705
527471592617
197163141386
949891141224
968601867173
631695605892
970957840299
70871538130
915426567223
384852318883
957994816192
309938412728
754404419929
774529555789
737670010668
146516209611
780429497094
306012876172
280807174892
74929735930
162873936435
131273157997
870832560486
584814142638
733682902491
977729848282
564829827885
205561357228
141585368540
442743699601
396136711632
230476785366
788641880077
855158615469
300705693446
940237540760
247162768887
377995299298
743426584320
247272167388
464453468681
758329099414
145988735099
790147976353
300871889111
967499330713
749026233687
456494339765
797284818263
665762685777
464350498746
359095558787
784507264332
922175827083
557440140323
964040998681
366774554309
468244770319
214619835881
294828363407
107068164174
606433029439
19697132102
862802746890
693009429320
284053986901
718874480569
481090153333
240432337899
383124855432
68114270177
875700768961
818165955743
476775463641
776808722033
497761451942
955951724728
866174166693
465075427407
247353727848
719981820215
821442708431
184910080717
744602383117
