749868878634
81924613076
328212533567
987552094121
46975189583
462102676492
434392861308
94410677623
840057081637
758292943654
743638966216
963106173524
361606179671
580309945107
947013693063
877016777936
291901349982
720942168650
817190771198
215424355544
499739156522
141879036528
236614227404
717689149094
23726657808
545442673507
279919425211
5712257529
64401572649
215666213784
281207025989
18462265272
788271128606
932662442025
892567700828
704858211231
7009067724
615083376226
747329001174
799440633116
296788401880
155885004103
928575945747
174336711022
529063073610
382272556794
556638044826
80073276255
367126468827
935350653391
863300570130
317691552549
983334767135
595816554013
947773411709
11752548828
673630732476
832878426938
72976210047
7618302063
569885441151
772565325107
875813555870
30064112387
758725374692
350611905198
389856851235
321862415635
764127155453
767718297004
658631046815
388906701333
915539565290
491978183138
490532186610
871426558301
909624931150
126824445483
82884664316
801394104669
573412075502
153535328976
272069591685
878519270918
726908575874
719794530442
759292501681
271961942522
60030572691
621986194330
422314421187
656927211323
781344870439
529677336077
876604562100
787521477675
4180234080
927751823048
175699554404
776717494453
