601226790876
52889261877
577937584148
478575103066
510692433654
909160515527
231688681045
542053734288
407695600539
671367715984
300264939671
493725616320
268897508138
15334499331
243715482320
359089082572
129893678952
293808249891
228149866166
849560587422
873287147402
589228854712
557681593200
580919713621
810383516347
798448823299
348560900050
132517034973
700907454405
815796416615
27122006264
868715691024
742919343925
436754210459
383033685812
795197046717
675890712923
770507107580
197647119108
464162374936
295551855782
319893096806
424784253219
536599505317
983917156452
989670845231
197602386354
168828128423
427002699158
379900030725
64583378550
509889883666
983174217930
339816909586
421656347501
405013235010
585319741186
750016970594
969478769709
623242697130
638498512082
716750405982
527934875531
441363887652
162562752189
699636369063
80704404063
818177102500
969651709896
869606630507
718317809613
504162361402
959455969036
967161703799
708983907192
89034788629
133508185892
332511670065
330020203132
404106498903
157934573930
407926825059
121089672241
56828981061
305185465655
246746724317
309958589012
533254357678
717762814904
868378744263
511447883069
64910621409
796394295821
759175909895
518250933575
258959055587
423396798520
174700183859
517217111578
96087880555
