123146170301
888261394414
658165738912
112053316003
328646268118
716992689381
205028262607
982103820235
898085417302
990803904207
69442092053
906367013610
423570339929
430622098568
340366958976
100041844084
695682867362
380107335140
130894947012
471524961366
645706679124
887401385569
950564218276
215620547546
274756512460
25624343521
277528034301
496902594735
385707878877
872079818164
499755332262
42867892156
544732247282
835304113323
448790135246
153973430441
222127463281
359453316827
821121938570
468025521318
347978289800
814422786718
864123834923
528527660181
248394344482
427540691096
602748107903
693962582170
537233478207
198609282196
856059724270
545040936233
677437319731
655749632030
641165723918
902469115483
869890406605
652456888180
17145183641
885080428836
237152043982
837228971426
59348777167
38737493352
647066686568
188926934804
824296297579
468757921240
876573792725
698606068004
370426145264
120698938633
871484235422
681029696836
233165484108
983962536853
758738377666
587524205627
379567410364
43796800405
963912340880
736318308989
889263457003
422411779828
157296094951
248044892943
464241191299
439065781948
611611564990
877747250539
643737421641
585950774820
511936274895
929092287389
482715105223
916797984463
367173833391
634264280852
270101527000
481716540168
