521728791180
604316461591
203827138336
409505366152
286731500145
690341416186
489266850407
962357637235
525800738065
748873959429
969123705117
840465867707
961132426588
917514161864
826125591906
586808864814
121931611778
641953738997
251412179188
655203231939
659951570195
73362812098
726324371232
602008535098
370418774695
690775692300
370452290402
570372927832
568161561081
634379687257
361450593014
844576637907
406911605601
39207032385
517636374807
47137499398
244282245768
696184147485
816584961225
595463522237
424896211440
313512985048
808457639252
423931565783
603866274178
952915190227
679901034781
290416836081
407307314386
95569621645
884695443004
580672874001
84037037684
575692126608
410326042633
617433641203
73072527019
73917785081
154748142244
779908182870
40320580747
372984642703
507182557395
980518662394
119464012616
863696628177
316898230842
369130248089
325443064451
764066673071
832413399066
101065854882
77937536195
394501979869
133638244125
179967232824
954816620947
39121077196
971768776672
590514566384
440356404512
988233721647
291138192737
135730476734
77081698513
853587595516
504621531983
434986556241
78104162602
237867871310
460552184648
352557484925
537866472315
658243724217
624645795426
279597192972
753147244032
973836254881
772386572234
864473780097
