976179260923
604713796322
333248782024
36040939887
297297590142
574797275342
115415399258
973599546548
668970297996
382796433668
549083723015
169271626989
183993593982
971114595493
748967908823
82589187210
943348801433
119807218211
507497441799
344931221873
625529023864
63040547844
709571416446
891199130354
837817901154
638441214217
56703200278
645846500678
373135873390
290314648419
476328235092
712766042230
475053599886
92932390460
760666208044
112543745697
421483581165
554092131276
84574872970
258396618541
989815963349
975931363404
384942553679
997029703036
79491405749
736073528104
542599823414
975317043015
440138090776
337510203684
809100208259
641454080228
537926832338
801764507469
166776546465
726986403994
4896066210
246901525936
860034769565
364468351080
348261803099
797254895642
826587262397
155576307138
949950627032
171171364727
39515591427
96293060943
203875570081
64007286450
695184104681
297773113576
573260702815
284972950686
40132747772
974015736181
709892149878
651265897419
217842408262
467909446345
913915931143
770040271436
222514346680
401500253987
802175612174
69055057545
411112657377
24068788307
152751861345
570353092099
133070422901
547278690559
919775546979
876226769439
476693368929
664815626015
375944405763
659768075416
591771767925
587282828700
