71570548476
675777092940
795646611347
945217838318
779427637729
866230493636
361327797152
836282231589
329345497758
861899169545
163770659284
727679472266
408302683511
54419911006
156013097033
753361013327
152792231449
342835516581
777081116256
37050694051
685738369433
436942037664
323791113146
421394742551
868042330408
738700636250
2503840214
568478023822
781002889327
596013907759
81713343127
932414212711
306576121474
975274422979
268956698722
533472706100
236433526895
609413584075
801988027274
355974925236
565585738997
56669151118
266753366884
810234021481
962181215917
768045958255
476354754718
667793702183
540069110108
546629182145
291908366541
364211416104
426523251619
944784593406
774372368110
101875096848
271180602762
283005833097
557488084550
523597155294
550770656324
594371970309
622257444597
120766300836
905064156124
278726213808
337679414321
509209463888
268062214492
237974191596
533474502170
56722997870
54360364012
280024123846
356705486158
355319035619
831052637978
433583224053
280444548753
411423333283
464403856949
436180308764
648421290810
298138556404
752523615190
699974082085
15404344659
211364276058
682022347418
877748461446
228997551432
558940474979
629790776914
737631505588
785810364671
439722249324
725104421420
399272353909
543049818555
76241709014
