647397158664
322336663840
640651155501
412258830712
102514681574
232127112135
444406879709
241041724252
700543606825
525047905613
76599343498
716986323522
830930236073
594847267655
708671678900
541293102108
701049473282
396677365093
822256952006
658993470626
748412885940
229246732045
441292898456
337219121709
71280467438
244336179889
525583267832
342063910626
212265247915
7166368138
144789323210
33310710287
164760501753
961451397758
646059056250
224722978144
718184219003
820270024103
973348838607
97327727936
675143124260
606250239342
802132409820
995287335500
232339012878
948770096680
942452123326
867321146615
120833081926
482782449652
244682434423
113354145212
996394266804
836493116143
218710507013
79780072814
990889092202
340923392778
793825136276
751784300869
812981855538
784666747741
448276039517
888141654148
74022585159
646991208233
448391700570
925517684536
247096523685
502173477719
393466595466
532807391317
493372466694
403665760489
963809355108
80892047176
958216766969
817873731284
538838274023
482189953566
404980317687
846726134696
677624797074
619287888008
738840657247
166826726903
797053343203
441977338143
329779174930
625359282822
600897371543
711065780517
691192078124
693643294040
901877317624
527737372189
367974593995
614626623187
99338666979
975790925825
