512020667371
838211300796
537668376266
196310055307
534208750661
659963680602
837534773576
473671087498
157604359592
749696114731
541644225397
131550062552
683635295852
387344825477
70342041027
224999635316
755322646690
823130371964
699179701628
867342003904
555626988122
350287784659
177662982440
101001558241
362396248878
318253604356
17188863013
629651703806
832001441341
204646294433
964590675029
883761427372
909911024586
591317229129
766103153990
890988835045
334378521741
231157653021
189633629998
790922720852
28955502968
96443270909
732001498500
665329173224
875992490621
320589703989
84413583802
336921149651
129900740284
638468095625
825602608440
710041482691
813318003958
470553975969
850113547690
552776816326
336850907378
628612183124
349882610913
357583425332
619885342319
63661273874
545241641746
769837156196
380157117497
955887757845
883845071501
46578810080
400516951942
251757961633
689832187802
313633143437
901030734717
424563400530
960775509394
522909767620
676072136142
438058684544
218273195789
276867362442
291396415547
783013685187
696461728666
36531591254
854503917748
454323348646
818950016494
692561173354
906896342302
424861823133
221354787499
467125692950
719981225312
445030871114
672039981005
383821685836
43380936881
253492752415
395627847573
746984711472
