98155359899
657607451427
346671386254
49029578026
823302036579
482275675877
715127918252
355238869842
384870101334
857735266626
721466900077
93770296212
72967614617
733750002423
1908972173
127974785006
801037925688
31623307970
637548972685
863061095466
61551801571
843572069903
646671026228
987591233902
707454752063
557418198630
379445555592
383215048054
989276482416
221744821038
461762381462
795380597829
549221498814
791434691444
91274565044
971101324293
955982119819
404819488386
321594105963
845547662422
307649578031
716852349737
355083622856
718737966270
416176314696
875482302581
711185645983
667819776777
132877823157
658312473721
925246885053
491974894054
802100025198
67151964852
93278891754
185654769017
496747838599
571719340280
208151019138
655977665209
830249908907
323188071336
780217576929
98887958037
174533363979
610071961374
585847935244
986098409472
240087221570
747589199406
438009847260
190116505123
265168643817
434829457063
791094585079
480360949046
110864898716
472940826837
352826050767
279027115951
922071421087
933709090932
509010442466
798473721983
304510529149
173633647257
638644068059
635720020600
277611411097
590312930285
782225145740
942689047776
870174364388
175790078059
668312513992
52904463446
214966372248
715017889078
830286954708
37519542727
