271156198015
658116353957
887100353420
475099157420
630710991958
397998029572
406303938746
130923848250
829039439734
885147358158
229775390255
223216339572
750805144941
127545975487
531743877397
291069148705
707297295749
201462717995
752371965207
903584549914
747971309299
946958673831
32727315286
329750047020
718443885028
247806445992
491696348082
878662077207
116278885731
680349464254
906067928695
164243910971
405695993989
146570146760
355039675573
16437600598
485657342225
435473178172
491567846140
855303306170
964724716920
727868899311
512446977936
600884842053
192127539622
309957427919
999129282725
351841567368
394405032223
729810407041
241805297067
142704548201
435105143793
84881352468
137142970777
48068112280
714857509652
623536100251
710635601723
881090380886
17669464751
703241218382
205928924845
637105899381
784983565597
845940220367
436687477730
905333899190
863858015711
838293152209
558281286401
218802679594
802623554822
828918898212
170477549705
863111440716
923512729197
366622149727
724165536303
878608310590
868173067366
254378604536
892799348374
459596847164
170671139747
655404072524
977859391860
473834446358
213233356963
9596840247
958860848697
739397400960
720929599420
23384520925
785274340899
218903145861
338869429550
786084434345
670811089280
518191336147
