287895428023
456647236767
447379488224
717737919061
820733683073
645433597640
455791009226
742282414913
495702631367
630763304584
230334593727
450067220959
365719996194
144370902225
70042817457
364107797316
48125606892
425076213636
452997331797
268407177783
271171745964
842004649926
684193283654
732087410693
829848700901
320815445757
778621198661
438778572374
578953364989
9558324644
519811313478
150836512887
996024639548
639724543416
709507774551
918377515135
60151804615
856485352588
668653800075
322034672207
139511200539
124319160806
327437708149
74451769787
830861275532
985605607686
682960019070
913727473563
498841131024
24150690641
398224388400
297764601537
976076891365
833996238960
758330728202
136599819442
337177795757
663604126007
95777428874
320012849652
494325680823
36808889587
114984227947
226250853708
714027218885
580015994877
772635223013
20301784104
144212582298
833104200097
372205060372
308714475425
918156076198
100806952145
753900512369
550546956334
76172865295
518486141260
743184790272
251524621887
603347821347
388138849925
831751002807
431359049955
745036193630
253946023698
201659448768
915824903315
898015056441
986688273187
396259562776
439724584859
895252153830
435800459767
867640858209
762558888392
521080326821
840525174963
104696889189
299221102571
