259441817493
429105852165
849696447872
800842788044
455148673245
104129267559
378717520144
162845113519
610014418053
714764731986
313173327524
101021743692
711778156058
668977375182
516270582146
647565121433
543773136635
543082974799
603161774847
82624330314
722239687782
252026921009
411673487048
78039116502
834810410634
579181141454
104202658902
779017261186
585732807500
783674952564
993114082830
76193349546
394678301459
832753749120
854802095977
561220466256
658037866615
219382707925
505622174905
892424056717
961372832451
472179921111
244197906326
637579374974
799530089197
30292671911
790804382298
356680324076
537030100163
340754266419
283174848318
278143267504
10209075026
361562176625
564638793935
12215553394
308238904948
559554896509
500981064180
65167319678
580504614006
15119780027
692188027132
16541749322
188830881693
427662448938
699387233352
182219171136
647276433754
800359817664
798920190733
735351110832
279381757354
571971613155
130461818665
155162567912
676209349835
127321494948
417857028261
460664302757
374083972915
148880926712
240466393777
60828028233
656799563624
994385694513
538969308769
996147734345
727249457468
355718586559
462737275218
504895580397
603558631999
763375653957
121458950709
714749662703
207498508466
947441436459
769882921790
84623125816
