539211788498
505025385320
458040377859
119192665438
596829352933
557861016881
384115504630
124513335099
225955361152
90653157461
615645808392
303599754576
158109597929
767804084672
251611421106
350145183606
726326087511
476357043685
803285754810
741736550497
567402706349
515236486083
95506496935
868196795484
462025138367
562074491678
143649436546
835311694158
212366806012
76221666190
87643492397
675798612280
894203433892
140813420419
276851795168
121232538793
481749572444
327211725892
700033108655
794664267080
144726438640
750947473784
382677548766
784733758710
182732824818
457743638234
631885268889
833017080598
34619551465
416762139291
329824875205
849739141912
248888268974
768318113699
578876401370
499886573854
305065531965
767588586521
782027510442
294767208918
680333431536
578959790974
303675169767
876355244319
623766409356
310881685298
540635383667
429544919108
64121488992
668955735657
22505686488
804834040753
543288063649
435309248019
399647583615
475194146960
525512093580
360516008846
569170827952
989596496301
422000784953
871620111448
74338793780
155856803618
428865191719
377098270763
384263564746
727158813064
451638108572
177842867026
616749621377
845316111617
12513373878
765854891566
226707806694
775687096423
826608712626
741910912817
968193480682
21987942740
