579429583615
902089250401
120071713578
631172350115
563516264879
948745812543
222811855773
965572835056
338774264437
126308497726
810868009703
557218528533
87430418305
372267597449
932046624382
212990584761
125932747666
231862883939
26943751441
793195519618
946688835022
66212711943
271103509149
942854770348
502517914113
220498096619
707010823913
885555856716
240450845144
156150408108
960755221959
781916069160
125426560775
506388733402
45305129008
418194172759
644272267518
892908889626
842386931473
601447979482
829921297768
473053072781
63016130353
239601506224
2208704517
775972393429
889382626967
845620673964
432497680878
688781139837
325045486047
956504549180
827378407270
810625190692
121699751151
13632430300
942379296815
378489574989
731894218555
937389659484
310327562501
395079864795
52512913880
912885941719
80320793738
514754735696
775168821793
561392197257
3569893602
750281469886
674226088493
707969675258
165182544380
699423129412
345300922123
694476011908
183047397600
177336279359
178240988957
949163475919
109084176222
422647987295
711655351759
188551360696
267940952243
904558270216
589696856610
475023135143
210833932012
688886404785
44364101644
191837989044
398369905505
68225089167
283981988069
13972458584
357446693515
430746072444
995017227093
469813276785
