132421866414
480830682613
500431697652
887785907472
728599136893
95363306527
578651470061
184664442742
719724816751
560956181700
15931408715
165998551556
945134353628
940181974934
597990248303
448178068560
787283885337
335641501749
80291671058
366595314922
301072299040
532319172870
212286326776
116683035910
120894973501
675256592993
664474243684
277093717144
450023604920
514840778196
727741685067
421309678571
638266454007
474650544655
629596594212
910121670107
394033148960
641753894734
426913423069
645682248419
574755014052
910315736287
724093035142
706583582112
503008129265
70925707016
854865673816
782856015336
646990227242
808174363794
146951315304
619177280893
535250326695
687761405148
688196000395
924787743910
32963146400
533774802890
963987506388
978113453545
349514880104
711264604951
539465089513
696246470973
31472768803
208270765563
793383885098
450662201348
789356163085
66321968567
573498331979
447990007505
255108860416
106422889814
438820663064
213349400634
15736750497
108116861867
417762410995
242884255681
550544514868
570789927447
237674499606
989245463665
502216429055
893187352666
908980738443
807666997692
430578806620
240234865301
542750566872
420801693415
536947678959
504325705096
944588094362
281705830170
466036940454
19301198953
9442835224
824183884213
