187184133120
257772788505
167496638400
36495019711
292822102780
753442149851
542874461412
952957455875
218827917683
967845253688
268412285950
328924211484
374699732594
639636751523
790554791772
629068007659
495314641600
520996989274
124062968122
826907997734
90430326499
538939072335
468729051424
47348774826
272902576293
647758047710
224623272091
589326596325
855787623296
918045931995
510282131231
208435816243
585721519127
923086170417
398334828080
644600510368
201422571179
650593263154
186179047587
248608732166
973653862579
738550998797
734597142777
718038311372
140170599218
600975863316
417519275577
438111396695
835150918468
31292972691
809195462037
797169343776
336146605338
85269618898
816700703488
336480217753
719140501953
545182449497
449496589387
341069333967
26435700017
783664350041
504509356395
922621114636
76614920677
774845651956
419353319166
951708859615
1073734859
987716085394
9465395316
944416285768
657831088009
165277518859
888187659873
323294935967
378761549521
964662112958
101998318486
451116500409
400402292119
129868849516
569805447591
921732908418
993295356189
403392469891
651294713399
854118045469
109835676513
598079190951
30336605922
294590281409
966829166874
548468903901
701932732542
511850921065
496303701453
284743059853
163187144395
577185188301
