61345934775
908763359135
172190872373
138857595027
460069959058
918849516302
507044276948
316461327022
76310526716
531372620938
331144047866
436233924251
962582009873
236225236514
567112921850
855191570906
124748864382
231984094771
999188733000
603323772728
973166649450
964241558274
979850288541
32342781796
121103267995
542886373297
677345741426
832807061269
923727104950
938242612920
708239622008
450338103583
185196105476
765159911402
273741942002
168791799610
593235405973
949524723252
642134647486
144000816602
671098344836
321745569994
766719070483
123019431538
143442853430
619886391339
554726435582
310025639043
385480912039
695494375535
778221121411
333504529398
259120903838
108213458947
774489554662
69196384802
918361767736
472882250129
10398819237
987938001222
523040488430
347976902788
700090517884
722357612115
778510090114
109005507228
912451470872
264787453639
717213676965
563375618359
67851971825
743136793510
278889497972
569109344143
349300582623
327425714183
689215060501
250016424114
277301986940
381275024883
976719341773
890202366455
387203623236
939444137911
495756702102
669299889931
818790285524
429299316489
702556673095
680083233711
795238348912
250962810804
985135388265
278931690900
6153619228
388655684558
126279876156
42891823018
377789994773
348539843924
