300478238068
235297945819
696879924876
29747115437
207394112916
272213544107
992841880801
917492022234
366768906874
841412637183
359491813795
247647106142
291115846059
30546023278
615734152020
182931667329
337346886696
733342722991
484128928794
220585670010
927226917560
680169045518
135418161930
195076922195
7389495349
988247658491
919304583750
959367746358
766792393836
717156430053
265862213583
756972208109
298928899302
128136078765
150043177325
118418454502
705804795616
551284082280
359107278449
752544525466
90386744764
498863937636
947835484521
596786137413
267611360913
886898661310
428457562020
541467864422
300804562259
343174458645
182568631653
248623686527
228489863367
233504533938
484517401010
699651631449
976532155125
900440817454
190951954203
848193630628
604799237472
152045535642
339970685562
879928362628
47541820242
595861108652
824338554747
402049776005
318514719756
544157169220
245552052660
723470054108
367335879910
922955356952
278074572608
274845221517
869599219807
665027163151
62156625276
461030537610
16900408840
935864430871
518392210022
307721152064
810546353563
117884522866
891161373409
393902613119
17206857584
290201645227
915492040048
832235162571
43990022252
255225776086
417899976470
366744107865
34037048013
632298139888
50618633389
83011426741
