25127056092
723428481505
643740821207
994498458871
48960991206
690418408315
222307272988
620912646392
73706362533
14255019871
451436051198
641327720831
352737999724
315507383543
864532113135
307747561650
432803043358
453343926741
701997607007
92433432455
70224772697
351421500614
678858094123
352968598672
340252318575
902444381004
167893949211
502076392090
588507138761
93949989821
586357566818
247443000841
920250475420
93774359738
525817612047
90242163895
706296067200
69729003507
814175002321
777167621444
747598609555
855875830835
512072552470
630639262750
163798993693
163453262914
57701575576
812696493144
795474857077
622959455846
602241487932
864664408502
481409172319
154342675237
449685174411
106835547754
225623175657
276470204507
644671738214
661503788424
178816222914
637610471267
610294744344
301711511689
854145177917
467810231054
576772224398
245573347368
526970701091
188491728585
301284809174
352018026087
967983638058
760733168126
90982530271
782603306946
902353413510
258990149791
654200627134
786426034301
851568940996
206772345380
649671189669
7353397701
526691420018
380439038134
660025540090
941196894764
4072497618
328351258978
255948123823
619124297444
597709467241
512135958219
923525293439
670235746829
388061368354
583840543212
47781953694
280904373425
