596182715226
45186055659
652992275623
915738130473
360915540862
955079027265
812919038037
816307526436
34017050831
676443120370
580697073367
168786913185
92746629145
857046201428
250454405870
68629335740
212463930083
917446863952
177104919872
642156853886
682293236491
317527536421
871620961115
904153869076
565367413336
249200656098
901408978564
684314390504
135409096744
152601277705
378873021297
512916733349
208436097841
193187313163
196668760324
940541363027
841644021042
702401312893
890921576387
37878031647
734312187860
762518805972
944705791937
675260240162
636045683136
84412430265
133693324445
179221880391
800478786963
715367191673
489617930337
279510691456
157247418312
866101968740
698959041239
782837304933
591361278568
820802188148
625804439111
609304693614
203060508001
787392425065
656851664830
700753646547
629452385792
717029606820
216321350384
279617182548
783735549352
178792790035
955777764736
458110788510
826430580439
38783060681
759826143895
700449818477
780028585322
844756202228
980183219364
158024425181
580051152466
712069828996
499024649911
505675212214
424983385500
432492835835
942845500016
724818328241
568715655443
12138239275
921894083686
752069881036
88279941046
516923774170
118328181481
346252093941
847099327799
14889597812
143221648355
317674489255
