27592835525
13910382725
731128888636
623308907097
187718280553
257082127215
561085356369
245601044558
562385137934
206236493268
402205990572
87706415342
847907831992
632174215644
646664381197
667560301272
157742319113
283542769627
52897212866
373591915648
481649839356
861930811381
754488528024
969852516989
584265188275
308781534424
563235849679
748725700869
231970804319
188818481901
17123853364
274982928523
486586224441
269273481156
429139252785
789994290481
357905141644
775283505308
980306788042
462605008754
876700320659
948111313967
454278839327
602721202439
365223948842
794249302978
568637605371
815965587479
185160957804
556828255769
371610745263
528300755360
495092245445
871766082655
718720446207
128518438084
79031516678
957497668866
700197804578
426411700104
81664018267
705402857978
214989389137
948455186447
329145966281
971113529459
233339229631
767414856573
41144713636
536638138345
328544610861
82091402191
291282192303
818510941189
137226683673
433096984292
23956428258
585595324004
101544416640
440552134223
727335536205
475663026416
227604420504
467172801694
749444582697
770500410718
558391639223
378212628823
878537489096
633613543783
405725391226
167350036882
985620785120
942341511959
159088498306
72572901563
556339464792
883002885446
286382075239
667977628989
