6402097186
496231233943
375655819990
52394507272
266744199793
892829311463
881094244770
713001745166
348014952399
836928706419
69360024037
106997105101
493745772115
290473070967
771969287530
694036470972
598484516438
395347280462
492377474397
395537308989
452333244667
586029648849
215163464325
97556129532
348797398596
568608141260
944386673790
540115500909
645774620088
694352227080
286954980152
917574314506
309261836134
366575495824
226937067592
429218368460
219757443684
327563309968
676246047296
162493743525
168659517785
888441529990
833092238952
502707380352
965747290060
154162685645
972477901111
27772393670
484290306563
636950556287
940164461982
757507227171
350537898437
269088216573
608019742894
484822108137
1782371211
335886882055
177608381910
959308146247
26466513662
783909201925
664831476730
975088625775
164306746941
10342057448
853205292185
913096994275
453900096870
855706725568
469597658668
87532875190
18886026201
978672035211
960030916093
617202011301
866590216687
333516936997
862631313853
470750126046
981585045294
885340711523
999738056336
922594623707
133449026143
157880948450
308162701837
650856697988
161634186075
782269377673
839179772370
170400276061
8685324597
296723950710
134781582710
944592638447
465369060847
558840020077
543790937506
831374146258
