232783294405
837341829285
664452198769
875176722749
797659793201
334759243055
770372501463
258014695098
812440722982
976970894234
841258907919
350991535445
919863548768
241356464808
42116133814
21016318653
169768861920
930325731821
520646354515
59411335138
415447116904
367591708813
570558762579
577502795538
511494786226
156436151312
432561742288
635261691509
710214864027
571211567109
853144969943
746907707105
152191066911
880406249426
620199486334
543714770600
638996259467
300828008620
130503711223
364653456679
44777093950
20613492174
310720590464
549013170709
407635511762
468565227925
182783877282
430924488731
985331389290
546747655805
967775633765
86762073614
777910816519
134777588048
985231468858
884505561949
164305588569
166340507731
765997365232
165102404674
796167788007
306341210925
81334624076
803391852242
188088131985
61814761102
504861775392
604504670730
694228996728
547189845683
737247209926
884867739288
426679996482
940044306396
241833837183
411478566421
149820526276
218706253197
218920725
839974854340
814710388700
911685720556
533662207450
91421051073
337722839455
88345819752
13449240527
623383722970
520898668547
508081943168
186122908358
548653914967
6027806399
263576125700
291230127870
457045201119
613071751520
342639538007
522880346047
511507238764
