549189739524
144372289939
126808233719
89891236805
89201890441
237692818869
460970704753
497578000858
516591764808
576010851313
630529189970
55744611324
879055480889
352130337649
967053134010
243160035364
775932509140
326763612265
993857321258
422371774785
732071734873
877913068323
48568273842
86233571163
842324984230
217695892473
647192408772
513682370613
822724124700
95614946614
56832377447
676370005951
839926693082
52546405255
280258570088
363403139087
408436762339
35883544405
143488174681
945723486915
220611392524
687547771524
7853253560
356150217470
80286974660
582925560700
917230310672
808475594037
846640385519
415529321613
555895989844
212625991830
338656874925
993386229957
387005187425
162487489538
744370018572
709917111203
854495271182
236784139138
508673779331
429048126434
27276283623
771647060294
260666564844
43297541613
329503471810
691678359153
141381183129
831948976469
383385775171
737512758019
252119980980
178635524000
550784816643
222626024449
803147845257
173886177912
170470818755
288326107334
286015331037
322957734892
627726286948
223141651003
994291648651
628941239876
570886077586
399728663533
256500876749
636542255643
636615311399
468618963044
625928820594
323432812444
330916218616
746686128570
184213147867
11572391082
815334810966
510873066074
