27657391769
238124423546
540610167278
106539730339
317874751540
864376219213
617813325079
692753491672
988428237119
54785066520
805030620744
187700900958
697954553680
869542201460
828739337021
784183747020
444133839622
687851763456
5032409940
822889452249
809647611576
764031110643
702895923917
672093632778
261643478351
979221174238
55487753485
609083364587
771823484421
214449678607
152574591061
707587299926
377795359415
964104602836
664770604336
981781782972
628747617320
558144180683
728085737568
495404129752
858686936157
191187890960
618192593666
997485407296
596511485290
650389470751
571055466655
190749429256
895096922747
971791912778
182381461417
369155777552
290586796353
118929099045
17130890838
491544983582
773483261158
932013214349
982260098064
786881502589
611717162760
326190890926
296401176052
345393547171
67790854336
176572739323
753671143407
763887735777
224618437204
859446151173
726067248894
297059896300
226974738461
830740651932
898281009947
694170539745
559687677311
475432253272
616299365571
211566125500
599093102938
589225525826
111773927936
902095244663
772024268251
519038398210
714639609396
788869696369
629900901843
80012727280
666204433345
302923827960
476557832674
306630618896
979932261967
195506322728
387757774758
264289438644
363979304651
988376696041
