758477277814
63674596558
24232335765
320992028164
513008455214
323016470342
449586922564
252064123683
115782850785
863498264890
322061768839
688343039321
816048152659
354102791592
509354176382
869934602304
480098401042
380319342078
795490406475
288351901655
343279777212
348822419698
944698117936
336103506160
173987154732
52535505444
361521649027
641380516410
799379609570
680640465333
688855480726
480996701304
861752527251
157496463692
285985594015
216474616311
32174616416
750664313758
257785058288
736591768425
970007354832
979717708916
945948889462
175893725868
157261878696
833061028521
755839656655
670765526468
473077842136
378662769157
927292200566
26430307546
634203388959
39286620870
661173205487
795212913413
508690080373
735690514074
985681357771
752707874975
768335374044
611319360485
889104925426
64802948027
410006481387
653357062810
958227739133
313597805623
582203109714
38799806011
860551531765
397936115423
299184377312
809555518802
46051177473
191422899860
26804452154
62080603195
649913269961
701492140341
981883864043
866559254072
759574201180
743612321429
573117686055
574064175902
990918499928
893685074809
190924664852
819440051588
937679129521
47337774533
402986374091
38608657814
271924604397
537767261016
905854054515
767442910048
775560448755
993407210348
