147397649728
596876158286
241447313938
204342339117
293884251137
163109021424
124446623671
179518202380
552036827078
255124535910
216566139093
491419252084
319732483944
857696131986
836921018609
307873642114
225456291079
951468585948
637352141109
238666507246
287970690159
235785795160
578512992364
180239563848
4208937566
918151737210
740070442753
630660706169
165169099190
999062550503
33630377627
294500779388
414303060771
660712767391
990655601428
216743720819
919129130766
530097154101
574731494450
676433874052
797691983892
890897757051
450867209530
542027231788
587269052181
280737573689
941058338862
976146025042
173997372393
94526318213
893966493358
636264603860
924387284604
911539713964
54043601767
297276995233
769924243565
790476770611
367856511207
170696658838
452621692530
219857709786
290919248101
777484186925
369456103115
631832245509
872880819313
494290635870
207573627004
269923416350
43393184554
115468732659
228536845584
207114742972
480877606913
287481717450
248468521193
273652516276
322487007723
444243905518
731536552352
748254381014
718370885816
585059206066
32457103186
641273773864
990702627460
408790489487
459389576836
943158489532
156662976490
393151796259
255382288084
752493111592
451985439704
271611579360
684231872052
146673562857
694427056094
106903695350
