89143139577
853287666721
560701772547
999673918859
685612898557
521017007769
244915092911
655499440680
995692165696
323012506776
144589088600
878940018940
752486256966
419772292526
436788935517
180577731600
166857901384
998717475861
701231886912
382099299467
822923644899
541761303944
602488214870
340123780529
652698547178
343484009218
492521014692
498780730193
353475794963
527971789182
901865731338
566525286339
58799037833
138089013259
74916591795
528371980370
497348029891
48050708519
414691668665
240257367848
996297217752
616893690808
612576442474
83972390538
72343401608
207281526503
256481661506
738117331426
605417854532
13966516638
78153455711
944659315232
5815428478
167730708309
405191113305
260070886559
458923500432
143635013514
47339153570
172867855661
623771779844
348621348050
171667166183
745235950022
260421496826
176755637252
733042318999
24732281054
900909180705
565883164714
175880625911
693125270931
959490225500
991816507444
794225453950
65377049400
857630166508
804689066894
368243873352
740869114866
33711065692
253009534457
259731250002
346018197096
273938363325
917592569298
757790926634
199825713407
345597628720
707702821545
847492143771
544934989172
58852312373
901671416434
727035048520
786371607852
969717049942
542848546777
219885542325
310278434967
