546858029189
958468107875
753213366895
208330946338
327135587570
111270603310
825474092680
292387691200
712705850253
407830436405
766194821849
524529258080
592557080708
814237600422
655855454902
257099842681
975958433106
226621902732
940058133621
249585428770
924374598254
208183130486
35835240949
525776717004
384913588827
126580863356
397959930678
76642450974
344378563082
686989545517
796382644425
334478756367
321316016235
712722047834
114570862214
498015546334
722291175926
696961461538
534067378136
230625576087
680173301446
809140177305
431154175290
43444976269
725499425390
938566425427
972049262326
214710695257
43000430670
823032691925
527923984366
615660560021
855654825985
954361765154
894331647741
243864507743
343698878536
513282148037
294707403893
341456398365
125909292202
762080408565
267398160545
902597501551
383224656587
543730756820
997916804060
298391118058
321676462941
533821532065
705667536643
939867195695
3749267796
963738942732
509973152561
695347410807
60049064685
763481909804
250641896613
143332649871
158190237591
512067743171
872326547210
46292356600
824936189080
182363797797
328446258032
818506063903
156350354457
225194347415
837199210475
770801167251
396547455695
559269392815
849778493967
740147178438
925644942340
806524710755
51688014091
748755767349
