927384656878
299950681899
943655188950
498999438473
853340799464
958093998276
492086913649
223438895833
17221550924
583581329535
405273876850
335527288471
11193117107
531200486175
112048452969
263307932512
518998126022
428527960100
631729109133
860921887630
180638490670
179249507026
78678637685
26871356098
529726336501
408169639939
970951049101
432626719490
628004704865
340483006144
367979566149
842487298252
290268810969
885183434817
855119401294
1134112128
348695754034
185737073878
341875953434
25071886224
337832886116
790909114157
776774187769
645525444840
416296741278
359040556806
534904200470
525654700862
308095209623
522325112476
785801687804
693258520304
875945134262
914320429633
142314870565
703702275106
94942862691
963368737770
728035847477
731749444799
543568077534
444621045694
790800052301
320968565058
559492303989
984515654135
917595516265
248153227711
577952790284
765566496127
913201415918
845651188898
131854457271
557140915788
457792337451
218066770095
509999765362
385996109303
405884747057
634731090212
595543747076
237526002879
734491073196
294409614875
97646272137
752705177690
222883147686
214635325037
55399452976
663656109653
53274527754
2090727187
470445119218
836372885425
128281027734
123386883417
811341724516
801957456355
855273925004
498548821090
