762356855892
644705922832
948152991120
514937482858
909164824345
581679383879
649596252022
65709984383
729632404735
37958197169
154590438857
695702421024
104633587061
614110542831
309647182480
564140680413
138757457057
840510023171
358118428280
954436215185
570795533706
397293192373
761286264477
522287295332
632511078688
973983839236
990620160557
214838724881
987237998021
124955425169
778864647111
308982631920
115225030719
642395534148
920840713456
943490650603
959685628628
376132088706
847478937997
110837678414
988836883889
528815785861
547664947686
804628243230
214405452434
650711963888
487220637196
616048390927
219700941179
438958760994
765310475010
964755358641
354394586437
567902533166
443758963712
154828172749
317810109874
456319824741
286748346850
48377722987
318754812451
325864520377
199247805127
584111405749
440084204341
4248411257
651688919843
301888212100
75698499598
229254226814
888242093947
250812397480
486851174289
300529172596
722355843652
940967804918
67777097511
53202836464
408330499609
52448831141
86264343952
574122861020
65136976970
325882499160
999961511351
208856446279
25803725922
254948557840
846325368506
87732361042
91853148215
712082401872
768623826979
602150208470
960188827674
665736142791
568925445103
14254022992
429504691315
874517763351
