383273069869
287446825869
882495868244
147276420003
561904195830
685295320885
701098743875
873048140027
524826143711
746523511690
981089490521
47075833350
553642046428
129760224010
24340301808
546937026074
870079241978
10697195049
626909464748
751233415805
531949487668
552354607051
692967294229
8022385408
995979902098
614281233280
242713666809
237611424953
555822928260
251532997292
849385654196
431830559444
357127904628
450566942048
366596925795
66777770115
546373967704
35216138133
24727458124
859669331311
419023582569
570798057775
750296148375
737842153058
653667510273
261534326083
663466711977
443116508213
638201120543
5997954147
902511636491
407903775308
976393678391
877165895065
145969270459
308540390166
388091126576
752228389646
171930106162
925785647810
820928685592
780659560763
983543261647
309025291668
469627682145
382228813466
311977267790
618113868011
314602539743
814749867766
834463659601
424830496297
402112830159
885612396011
576684488341
525858298664
537799244483
677028332049
319166114519
754407291780
996130415454
63272728396
738140230214
432078329003
360743892485
624242387887
232692626516
57068317832
129867186584
278572327202
135276282349
167982796008
398122064352
171556990598
36070582655
232739303356
809447408505
430541466842
418643415291
337073424012
