471235377303
899929309261
841386267979
273833620664
573066209120
65829259724
878590645165
965653051841
561146271233
553279068791
390079412994
598896205390
151316908467
462279509786
970427316536
328811014847
863785981569
632862880370
813595809709
854636684413
346486833668
108152229052
793334755409
11257978883
607863107072
513297275371
152986936879
430285560723
902624071085
636591855874
106744302438
695380785862
613037182829
246774521107
38417752683
955969151490
320031115561
593122681615
279016433523
295034577856
908865995101
568608391712
945446217765
832330546684
375748342999
706585951720
233574789840
218620322163
72100527966
960866974891
928023341090
993153799237
915468663900
499738086758
176808028741
871624446408
388935933087
954748766314
352105782370
110406433110
89311039821
72579055562
924069105705
823198771318
792567497797
801437631244
970205545082
544038721083
343244593202
102260972617
579441643280
187866028939
93517067419
598373676025
102132559522
118862618944
747996900027
915694009718
660284117357
841269098425
235960728174
210510011648
325439914618
366194960869
969354937299
390256595603
21490449169
4319735652
312395061427
857128342872
388705230057
353711532285
558845989869
524634161986
806083681859
220675841313
428581785684
752310055997
367135635495
209138449461
