930467837292
439223437725
396567004528
463096519163
455656194776
772788087632
712435230317
9983853033
759914318144
483523401995
338942008385
533091836554
594990687002
196887977620
184315226541
506493114202
127640750006
358994541033
529651982828
202842894982
35820683453
656489876695
582672493413
932168376393
963472834502
18762474169
913137833452
229818609431
659725477512
920298324743
759579606089
902582894847
354997733024
774411827962
824645250569
552723600089
112083194931
341949935679
570773697595
710487957675
403113226178
113751092212
757626207183
348726124658
298863105998
864678843773
503922541263
681789062224
557861495726
643489540804
137175227001
443809902036
222866358463
305882006277
312240192446
633690832321
302985016617
41250967882
116651762331
994755155218
385815266968
214652482631
310939248420
550776648646
818853416205
779098981368
775018064130
547096608338
977493491660
740592611285
759489973013
653062188960
14409401423
116315388868
312179106922
783405048949
713159584716
737784821740
341556592636
623724970195
828000648291
319051597661
775036561909
801855657849
851764900243
921885919779
833765339695
58051367499
763082561350
129810491980
356715392144
863983828892
668825985103
289740414302
752180320457
1700923769
678861207772
806608046689
159216222452
264701980001
