540055478937
905727439227
795661940340
9357332193
447694322103
183370656715
941372577796
69863402969
466163348204
95092445782
557938089623
122253054209
270891323863
632309793988
708444632257
55687112194
643030576030
30969100884
357278173837
675571619050
529293125122
321592614083
24282666480
154044953775
236146258628
542502397176
666412002590
55439034734
502175484053
628140993462
972633443014
931672625768
964267868401
955448816808
599264922241
966110955255
326437494623
943820163450
318524510227
471648223071
585772682916
8737198879
608249106519
923899676275
388399715501
359774635675
723473982190
702439539477
672650964605
352457866802
61415780923
495950862724
709111341705
219949981458
404928674303
256792926648
114785484992
546987277700
625272919585
470548403094
92766458670
654742231519
327251920845
158254880286
435537691578
189158299289
833773085324
549143621145
666468063523
275846264882
285022962036
589399436537
716626760414
292088313653
296614574032
618138903559
752511689306
809077187306
757124853169
628457977618
485145986364
672839055345
835131670988
123970298053
446117444588
691575131634
319841047957
817668173659
656754479099
328804087514
840114706295
171468709648
104469433034
72988257
364110168139
128088145658
374146500173
256702515400
15660301343
587290555035
