102418842207
245993977600
1040605964
782238704958
974679106220
540149447772
760845377014
876590955803
25245877990
299587334599
206683085290
314999046513
934075935440
244497675249
826321749794
426137999448
108808590283
382998332942
786063584162
256023792685
257354108635
294056575445
263097796827
878470069597
597661678859
916451812012
89887324655
70343868713
479859521471
423926367524
241141107470
519979695808
52366511166
218888616270
857302011736
291057825549
996014837184
266010326570
679843570652
596429284844
330835915845
429173401956
275901414920
556754835527
121791957835
936180208294
116237972098
256857789787
334998475969
968953419772
720473308317
7801540729
692973717207
931315678600
241119424472
781140660883
255111020928
888667876850
203038948728
51483453321
974566083805
987334835144
485572835764
478975160884
681264944044
655965469064
476149389782
125115875676
957955712740
76845569050
333138968393
765004072697
880804180831
469152181363
161456428139
163062730920
770791153548
241869746583
968832456238
882339912960
892527995393
71119423794
211762480418
450128477678
362378115194
401958805079
605612159656
128617554127
804014758837
699248529599
642291237789
601667999609
136483030
638069092519
926658292954
949685109865
199588327117
408198318367
247234443442
512670393393
