989554953537
752402565052
376739034312
32389244778
501905496617
664725196919
995530288455
928938410380
219055834209
226822305331
92122120088
95493233807
216264576952
364088909570
755183288364
925803769508
415911876219
744158220668
5249241011
207903907766
712956809157
147284981754
224174907403
410157467932
384817760157
510333773853
360659974388
357446519410
50873953434
467614570771
981620122411
881832118870
518576073048
23398089742
505205775051
552073810570
126817778282
123683064766
607060930316
260474356051
392358156720
198363994496
66531085564
891273398133
373603102816
398529021672
586581563068
439965445637
909771733100
524771087796
524355455378
76580858635
163445656051
770864928643
699300713329
596671125060
888520073344
718292625923
83515115907
897435583430
881776166104
454709931991
523966618798
446784093567
317080270055
286881837346
256383606785
312787760213
628432887826
219381837985
36414621875
926627939483
193654103596
811199354377
687376665435
937655795631
191799016110
331993611514
618439276530
844289687587
567124768820
217706655595
664726172909
812077774566
882223946676
875434059
831619067831
742994974436
707155117900
825267824021
653404155907
590434255784
955548072671
221839831958
834261202551
601207947208
558960486866
16747362256
20853201355
346718953490
