66191494856
751142506065
43685208160
570921330605
704540351202
210271658028
272960649052
550138107281
160565523741
23372186871
820023419356
443074522760
255303342374
15845479020
142597077414
450394612738
386684321826
416589545674
560381264797
608556128323
295899605055
830644679025
207630221217
239068684877
284319925207
580984786742
223454222282
846171726971
30984024694
64271281094
563538263213
749162841018
968738994454
376435427525
392627208331
261313247261
638868074634
597718063316
88081613288
890243094848
189492142486
898334205116
647219262708
682311602461
992330278485
861888339419
190289068101
264151991631
275356835630
223960533222
505549065790
555962045069
237572934903
278357286307
898235989407
994737503087
240814418843
617075375253
849777279240
188159926132
589089901484
169977525882
247774665548
674525502017
283439654453
918710332772
301254138108
34071133728
327565444145
841245013718
390719452438
562436427612
232086392077
754107762049
511018190519
39875106381
11492931772
826057200987
790961845251
210832552123
140256129219
710737722461
203691140337
237596183620
368201882976
342406435049
260082507209
912586093745
260860468
173945567252
708880832101
749161096333
428016239783
283157834556
512141134104
72559166153
929338431458
689514827073
591670214704
821647152453
