672494077182
440048349145
89662510315
773202553392
534233718799
445007203300
56542380441
203711082425
578504651417
878510705428
413286746572
241747766482
244860606549
995070660539
265357542803
800727558630
266414348037
66017449176
983256041643
633016019345
349754014616
322474778596
479026446666
553688551115
18498735777
283019182775
682549094405
773068912139
296631268754
911214315976
859826263077
162154851646
665764686600
180415751434
224946260097
41395764024
693644158995
493786599060
87796028508
833277294409
575682817723
324552638535
106759339984
879512936096
800220210829
905531638954
291957513494
580480010707
696996789514
521087301923
942847900460
622499966511
107010239863
519130708190
477371932826
849963600960
419262432644
228025752505
772998581206
545141838867
968919450011
949984029295
7788919765
30382364365
353896389255
135202590011
563854740329
710722979366
693480671448
146267589584
717223610034
716862125586
858035207678
264668222147
370516433063
691341574054
847139112543
299505157038
89555693216
397643118614
777686807211
795740322549
752680603994
593057365390
735657566675
535430691470
81632202170
751313703818
989076497903
117188107253
176236549671
365993133495
795282296472
945649435672
204353299585
317178094806
688729795133
520094042505
678316569860
721918039559
