492139510827
86944536088
663489874946
791067530916
312373585712
937219488338
360471513753
976441152353
415139120651
968204046260
360652686249
143263140256
326303615774
234084802705
127153047157
627677356796
407688467744
726818516629
997425227061
737898471534
865380956242
880199049636
853582102642
351277437767
672579739824
940177466579
588637613876
8923547817
704823354111
681854828753
729550604805
654514223798
373868859621
34763102983
848131493533
426590689883
83375949441
423824572492
982262623207
869420789613
522698282139
666850640508
138486990295
319581738255
482886621918
435806537938
106233932233
559378661356
469400188163
100381234695
164324158198
957323620348
550875639307
763835559479
399462978577
736826700874
772944749457
810247287766
957165234115
747087731731
242733061194
883963146640
696892270429
5476089814
545183022098
270789855861
332246265067
923572242371
673787002769
446165593391
839946133573
776556699971
148156584734
36397039938
295181227148
350065802181
636318304041
247117995302
398137686966
329613717290
111647784126
225834084082
142234805814
531156320203
321904533298
915587459730
820250578264
341693806407
624040625205
675260237263
782784506542
492872202916
998812723925
280526055043
798100415496
483161283463
96197027749
636161156083
934696319026
782300212150
