370805888957
800203707372
248083123226
955256049716
464608897835
335874629949
548709877805
286231046443
700536684985
35435079162
23950583299
506873808883
626167183300
901927372802
871454058968
407133580852
165835004456
331272286870
358116176793
785279755102
461039969250
422808062990
730453647423
596325816615
878092586921
767224917730
481200181288
897192673679
614363380602
823486912255
512379752466
813250113742
206922400300
502227734936
399796135312
870636143879
557959827580
43019260542
821293227619
656251871131
808482961689
115346695534
357104614627
465938648188
867522364110
802860089671
464595719724
914131416696
153626198592
732255139774
174783325645
52960952069
75511395896
644178670481
355662785505
724688636882
881085724423
468513110796
749352337904
482948865671
218468100022
275637053733
807636399572
975001849537
790412064214
544668002113
277912989774
897956401071
250347649603
240277679878
203427476539
410523630909
600746133821
447512141312
987144957482
67156001975
476931165497
256859692632
61205393080
70951781863
283162472112
890683758338
625051755197
126446331288
942668589041
586417199184
581931631554
56494191914
82915157111
4586910766
867873107024
798156942706
518037939944
183519354311
380526146094
205245008836
683499043094
375214127920
147003011667
351375079508
