25945327261
11947590031
876051240564
501823471669
968762898334
788116909871
445117731434
290501103123
287389741623
694684764958
276025304018
62475134728
373426742181
299664195557
164279595158
95141218793
142236271515
970039296938
220530685467
226033448934
824977685955
523318539308
910361302190
51656490743
968634300272
893073824024
775154500874
734726041460
107156177225
645496230290
106495822102
370660260065
424729651699
58806774666
20327898008
487648441235
454308731888
558173497544
655182285818
579357252314
892747596455
513918684004
437325415132
713238447218
982872452155
537878778330
861097506990
664488349727
83650976830
123040527463
819395993384
174483651870
296959327728
857060780128
15734113156
50815080783
525146785982
419266875812
543232232198
774605919376
682629382418
193331923195
861464768955
394483571418
217797011165
998321245199
997132888992
178919383390
304512929950
137438631717
962205204208
322717514724
377883508623
968288900608
175196412583
621445587686
831049100785
645512554104
702223561035
241275694584
408729334536
576595548789
94402778000
131443839797
385132886838
295136072012
79560716485
19681042550
661932781409
619450948161
140082995127
322939343075
139857276613
434129116718
971952604582
657596861479
50525967366
314870977613
541845466188
588774096905
