610128641155
594617647885
594675939438
892274932741
62712542165
621103303062
510569497195
800822447890
178993254935
460114983752
456213817269
447304120644
497281987352
518228570594
558925051708
357542824503
546404043585
538144742825
494435772564
322498509184
886603571745
224583476527
26185004203
543372035236
701481841016
519260881137
934875468064
112419787734
884111682627
960255657679
220404755698
305118995092
220557506404
566529036401
204545666870
747766223862
436226661404
489939145329
152621974731
813958338934
910106332932
142128778640
998239403960
929899912674
900239764736
718353515869
296871395988
650675384687
511565797496
665985390424
101527394255
734876790601
691278739781
698229347193
665799529718
15142539734
55927407999
809395989495
992168318364
983696234314
112558735050
286477339354
271931362323
634440580706
211164828839
45463840652
177961638473
679876581600
937871215453
583299647366
82945249650
251776589081
69182049496
627189495741
76127468405
876516011051
137773888521
501023519709
225638570252
742363981400
97430400820
351049351240
973090874792
178885600228
838867420396
244606459830
709353061209
401714828608
587976237266
830561177364
143350061436
240340123469
749291189980
292659037081
165803037426
437608765323
421593640636
531496742828
357659173514
399884254779
