119032505637
411760583973
387830860283
34476240152
793133476817
190911602474
848946688425
429123630987
621778649944
564781036559
577076591966
488969579641
866523529158
44579611561
628620803634
480806139187
452446835878
687545783466
209070613251
683035062917
893112896535
259359276825
182649752512
561467647470
432686498562
599028661512
215870799624
651562390559
518469316727
88715945640
707581795672
33672263111
63933652413
441922322303
121808780704
801756425085
2409131451
317086328247
256966843951
209787985048
237527829416
606110858753
501590927138
842295551172
971377695044
651963747928
300891236980
176637099968
928626207910
124150428205
939171295092
53535671565
932840121281
473451540212
117971750789
900408590826
350406864509
448217654831
105515245073
819504566456
334851478220
981151146517
999324413852
71823526687
415232317959
367815219184
334815281262
969616047577
375222534717
931273708641
12875630757
393578666939
270085412280
327199465368
46018723758
166752685529
343068485387
322618351592
350553337483
677204123510
44608865172
798407932141
697695872158
250654236609
888532335714
127524588252
510496747679
267671725196
769014942073
345927411851
207635480558
551868569262
531575884802
48196193984
435904633053
910622162657
188738058814
677515132373
605370921177
166306741477
