981019876835
582433312148
681191397262
35834253560
23311087958
16399866403
843589927938
655957976009
890832791199
543971242202
331376050936
152552005437
24364455614
949289976895
717629766428
15830066549
554885153466
359295199547
779626544811
105958113539
659559010266
312144520452
886904086912
48946342241
240501101045
280215369371
490076799473
365488127771
373289859378
967309233467
972955426926
524866968794
20761102971
328314477643
929536836153
158096037709
305697887394
77623274242
160476096845
626033576412
359335134823
492595190866
178834395740
618985364023
816504113783
465679537130
801566195017
714015231125
945998226220
937808440768
488161491020
465579772684
109943334358
700686848029
120211560316
791399567513
615667142539
291116788118
880772039342
186570956347
538811750739
139304714235
432550549941
559345427770
550965095579
912855857818
979270955584
940872054593
570716891594
21450887950
345253341977
858877856262
687112687735
173983381484
305340627251
288156610886
38542522325
779936152198
301101429468
368604704873
65490670037
512645688817
114592558626
266488930632
709945278501
549973681387
915871689207
336611858919
116419147872
299084647579
131202108215
230093339239
821065201473
968235773914
939033181164
978397502925
660560142488
840854391506
885254014631
730157764536
