315242520852
238744805624
301650537968
427837366519
332074409769
233950914517
954341810107
947397130118
624085085147
19028103707
955932557398
252423391352
234047185471
695902882311
651430888357
492195697712
592376878641
62648651783
669486711662
342572646025
648000391522
814585471598
945424001795
24067030688
947440903134
820528103042
397101510060
924814379974
858995020352
651244987727
945643697013
342272638334
925780286429
473437778581
262739475041
543637956815
216496728253
240512147635
348401494468
49034706946
821552825759
820802753683
286444927649
754239940643
340530103590
739696105060
397911189809
497489945775
495784030157
198637317601
392414843152
345499131223
757861341125
417740323998
355466936258
552178137077
786243173965
582914562441
981697402162
891804025154
947603827786
940928819869
956956962377
455217183347
981975997976
201930414448
954095065023
649286614275
668807954734
170051973434
617844886981
307380115713
929732600783
301218244051
100297245531
26461924818
158336100326
636962202816
553086976757
951682301848
103724510862
113910059691
381607326097
128844295775
831190598392
687102281827
403325173143
597775069049
633622602749
51803551069
763185531195
32194889639
916378043455
218724987574
557813361426
572544604646
801543578139
606394814679
675836109475
405704420177
