21205224226
88464982212
277433752485
872270551650
788349038416
862010077083
288447075960
696685177696
797846760769
99716536350
244142677065
428131561262
751177827272
270577846685
81705931813
376514525431
898103958934
224028451805
861616656124
586311012581
884760187391
638718844652
256798748040
509215861998
461695307230
688703966842
436127818727
494316486780
895341589369
872645511460
160673427262
627884059008
923873700893
664332349745
295400887170
976754716433
316295409459
903851434463
699978064449
514966498913
677775685402
749138709806
9890337249
166321199090
638737162392
14580673523
459746286174
598825750543
506502652379
276260878815
820605257963
708525192169
141306520158
166800333872
910428012595
442491062955
279266834922
966327579413
165066080998
223364701336
128686388907
950575216662
530523879058
879430811712
13723412055
706456424095
2882769632
371672099439
284707912783
118485911065
500108833461
865978196431
633810111459
451278770703
298468827164
61617863052
480641833542
596215611210
967468302444
997103273158
465520670924
880095877911
914846838739
176530896827
736087574942
227797216944
374193328850
740268587759
706640223268
557817642511
218702103669
494111147368
598622522647
713363474799
601053083231
806690377716
236727884733
178607005924
91900864428
214683523549
