895224446421
316569732223
571877229102
766914824240
669833419193
998629971438
187358535273
492614669660
601960132457
250492254676
272342377963
721575741785
508798615816
749373708040
892341905195
165263612943
840866631153
995328278342
158837556811
890194421099
41700473590
763216267698
494420009876
68142300368
347943959254
254092298894
258731295314
579011720038
323216653816
43996512752
7679472266
983607831993
586729484186
779187660327
878343820196
576823795274
858446439761
890748071244
181065332926
504873682381
471843782513
738154670848
765045853340
570835458336
436597927480
54514640719
946587337318
854501685446
282099381062
663309100833
751693000599
218075701593
443200214001
472340585715
675675349657
851322070749
982909376382
63315661359
143621541140
549144144394
911850395676
124677727578
70616048733
88721204981
983517680877
280928222706
531145059654
617508733894
186259216390
959510459205
615652982730
395782985391
674110744409
222068867429
443525714039
894675047684
239247934257
189874565316
390059498131
444336061759
66606118141
877977748681
574263244996
771443217252
409411698068
85569848693
983377759577
792238540
869649825706
179936908663
485741530834
722295133852
655511313542
241490641820
368638712365
969819244022
53533253006
71510208889
41508312897
8114739417
