512143482901
716952006291
172554242303
656454470020
900081096713
130900115457
679689557150
955482163413
133179628559
144885128778
542582746730
92374995999
414150486283
767588867076
783096293988
429360138182
276806129801
55665418621
491290672677
138128938018
13679426682
73413822198
996085660380
630397762534
435619069622
293610020644
889856297782
908325247090
314718106821
526028444729
305909279680
849406339614
42780781191
277102252433
837166756514
539706727165
167977658880
657460917680
246652118703
367136608103
962814830078
591044789601
472235330004
799562073864
417051353806
342294973553
753340633797
161224224526
802075294889
475867937456
456310600236
247109882443
906483483202
889724177846
177134038544
161379536275
352665458914
529341271885
724457333256
175967017755
193672639047
132153261027
313035729181
619484895016
612496215870
327433434491
705977694110
621662563582
171729426120
522024911443
235337962924
103051025796
728479009735
981474114037
230520366421
545082683254
9709183367
750554242624
184727591807
629466585402
664974078304
973043173351
721162124035
38327778670
36780116186
416537389127
511853541268
490435266348
953110074219
955642737753
355472291601
209885543782
844583085412
964320903875
621535888021
918731529448
91802810979
564914303176
974779310736
539121096159
