928445603497
867294193951
530242372939
174335395447
942755036620
428855167901
216242447470
905529528324
571372364318
874107349716
796126367204
725826607433
136069801975
188345182597
513097158516
152019593003
589572183661
58086980481
425020794986
920164274345
117054321137
65427704087
596939704137
367009301548
246669934994
635742292721
452434843875
760167585160
630210540301
305451839124
509699614649
866547922013
742625582472
63561856971
62995004396
414635561685
839686469391
234128167752
974711420006
223440276035
938201135839
489253579652
829388135746
936335494864
319053342580
786432086189
228373110457
208575160096
203746641691
442017238322
526115523884
830844068000
678592789847
725528067731
530771262598
426412636235
805652288070
800750970016
925810008364
65472068631
401633935772
335575753806
572960182244
237765512487
266643137683
553926841831
660195709933
713611818280
93167717070
471795247875
813047586629
266201694086
223283365020
73186084894
996446313822
472884445375
313350472426
715914669662
213542561339
256540584768
82940166221
678087600861
127008265727
410116266483
185735262314
734437186067
454873690260
952908306834
516312964182
777093506765
174213878570
960840978026
97936881749
714189535618
164931096306
82396247142
861839478551
454430021509
494432422362
8022485294
