871670757118
452155692061
444741278894
392409113721
478240575641
907524658519
142207915926
997376325832
988584379246
246277300044
925224311395
937334810562
658921285674
320790470938
167278301835
386824503284
135616494895
976810520265
543484220359
776246867296
862217297826
873856185515
144115240020
204139836477
868757485878
615406828071
155375648632
568788246192
73817348394
165559128894
587919309648
539444040521
111308806726
90857196120
739376118956
589085365459
140573151440
691099476549
277736486636
595078712066
22567057017
271203997913
761266884290
618062114180
676005314457
931077588359
394992853296
644189544274
500785906437
703974862214
995306117307
361437193175
96299809687
367497355120
17750849469
466025453726
895593645456
311718993980
102241521077
879353881678
474243778751
950757577314
43481500309
799284396162
133648789503
724162559434
60995208276
666626191404
914106391359
52857666858
143333735575
419876631675
339065959420
810094764982
686568053868
510912777839
550864179481
912956727469
524478782395
912910970249
245817629601
179198352316
311637814306
885651232116
414993347590
764703823765
407928991406
790841159979
190904071143
974502001958
306319655229
342959009211
228789527089
487312175180
341085547393
765100602453
976325174384
643254550179
845478589905
384568183404
