956521441073
713758740693
436650607386
494647338493
490057472807
648151702367
406544994729
781322634169
85276040133
812305056961
656431172059
233099207480
383536474505
806404758016
247002765610
363068121203
306669316886
711563405561
457982979809
740841090230
73650202241
482841062137
454834004824
11195753702
606405081989
649246028833
958818292204
799829049629
436660057546
239569545826
578287614125
928094435120
456182387125
646885439339
460777389617
649461589378
586794128483
585451642796
852300403284
726738797080
949977041224
101266262273
643256949971
504171851137
143810300857
852091107399
607507690449
589855501243
813874940
151679579926
332675607467
964367706409
95146122532
429676274141
687058404476
630296351075
939272220257
524941607205
845253162630
584932876445
154258115197
36457635355
747042305266
934275434959
501002331899
688491125574
150891860222
160347638760
21172244503
524353360919
124259730946
488880407135
451976953977
870852559901
771302249364
100959264533
195786283396
288008378597
287733024163
903355135204
42648910628
839848992388
125399961422
834668889528
468898760451
400307232262
556949887469
578587828552
627801282639
667300743106
324575911112
134966073487
470137955732
996062011163
365175563825
676494852828
629229949946
341008044028
828971632779
236636046168
