728403359074
569243721465
246985342869
133395757957
707402313519
627879597103
793719621506
47336229441
466236544716
80256222696
69534720222
763060458422
48586353938
189784212619
185938757348
590370897335
36052031214
563196019644
177699648271
979550937728
479153006780
248588574323
818531763752
424219482818
54872519805
540209445971
311839080312
378667450809
28267481707
62451036110
273102832834
350641316414
717312036292
837761754498
829892240585
468301771613
110411023947
427316564944
181810900839
547205411646
341080168845
351704605059
411685965128
92478996908
170053128549
886397430288
588152583806
674221999224
185159156001
286376810494
845371869571
852279723730
234257259110
505822453214
276913351404
596646918925
649513146117
6340520277
406098379056
596180210417
82844641526
389876977597
182720570540
416616714311
927168557439
263002962746
937554236953
293617485212
996107464623
392363357609
333860833221
508155834416
677614910208
837689527569
823827791499
729449191676
510895024785
978349409101
736638855770
776018027384
411791097355
287053206410
307895163095
369002145757
533550421772
589525588938
281029744916
595934973578
230056382015
13599334454
153341417092
242707796121
4044084240
199546627496
577260774094
850755463287
761957478987
50595590367
72653976259
753998171278
