245287721811
674870431624
935385507429
787783195200
718051046444
166345671973
305540719668
634600565377
868791098501
675586381361
421150301609
910705906648
556844684324
209925592289
726954668392
363227016747
831690369675
948347692419
615789330964
903791469111
393563252314
393127811632
869238475156
836172748460
319901472337
218273367317
220827777039
22587323878
229241721424
353149656152
342997295167
450185480330
133446180572
696111074884
529769297352
329834154944
806416909733
141328261768
670906392247
610860693281
445813851731
792450211555
592817462951
1780175336
310624702919
483267293165
278104448183
121547837201
249067448687
315910032821
446928186625
924212710694
930561611787
192404966919
996836038581
593737195367
548960332949
166686348189
945915526177
814265206226
263181745694
866579420799
825824072707
289229031611
369410671389
335547069048
999592320393
216071943889
889778330030
10077223937
695111755979
792132271602
628632406929
487666500727
331267474587
586045824595
417293798518
68846456357
7070688578
80655739138
966527502417
528801754171
706980104645
895679106315
422973772795
773595972635
213876820595
276744884570
204181870704
880932561881
446142623633
830530678696
789546939742
57027961818
483633300676
287619831350
154268663184
55282613643
334677163505
614329605746
