41319691449
805298769910
172524790668
631820867130
962740644828
497690700021
618136179575
936056873337
366413595669
722484371605
205042113636
752381499997
857638912536
592802599194
19884426506
776436578529
649056979914
686393047586
944466103397
21658176732
357444368319
747046169747
581039718107
609481737267
983169125849
549572796028
530941212978
663873831977
703710173272
935357880637
155339369739
280872232252
878542897088
7250413799
944782882444
24896412907
460303879688
806911611578
501033466008
156808642232
400585892012
821475001836
64060088084
255373390645
109477325635
661765073499
237989168004
734117079442
655140054953
668021613399
50706453281
667920378788
208786109577
759125545244
964209217733
890611257130
273672827804
925209360686
647417114704
463433370671
431448007218
768071322002
791816280200
640377370845
627443346191
157731289808
172029028918
521984203691
808648113854
942265679126
923628939863
404603849469
564069480658
434381053184
154042285867
418714768988
655420669399
905876277262
694066623718
485334632061
991946344297
696756911136
588474906769
42379904408
476750701866
196449946564
819250798020
814048836471
563414070686
720350156068
564659799133
214479764456
359224327675
954142548867
739023840670
734777838791
379862220571
373480812225
750094989752
156422165724
