342988354684
649803369727
944318566377
364905643812
915555619589
655227347848
340018851477
758337844082
298731966384
603789397705
601651960390
124565937459
976060579546
557322616314
220370134203
946194330265
929722347443
966179495752
612224037721
687358386600
862567181820
698256314516
401532404316
398080054052
910366704210
622414054915
425986727559
357103673360
625210623831
246452850254
336485822644
615904314869
195058503958
535279485400
150044562757
812931110840
685204554254
436868172088
92686885579
680179819425
320315343002
59102469019
770134920113
173547302612
705420002987
652326330214
24265804424
762028927338
218702771328
303419161351
877820904785
18828199170
525586114393
640164207811
495628366505
474777805605
811019384078
59665945656
383505657758
922758535582
284599042129
723963645432
440011970688
958993705161
43458766137
892990093423
228154696946
978894709865
186331217093
334917661231
288361102853
339297113941
307925013109
905483431743
351618250724
991689225318
222714443895
494234633893
432547366058
491960085507
670922651090
865237412323
111606827556
734500774034
589756577130
733523246482
429602177876
809894834612
4450618428
921834636221
358463958902
801524593277
601364655998
848436942573
309172119286
385551439338
576402256045
457251351726
179114345343
318764658787
