478757521575
335396237516
306779709184
928512477667
468525665687
361041630997
841627905062
86208838079
48581954722
214704480933
371941888967
844144294705
307869465681
351974792524
268330344404
66616977394
466962301400
538933202419
841232135560
728410469563
13541627621
61231414392
869885267829
917210589992
127984062052
664992823527
830599965764
417188140848
399404374389
522515440966
151816366017
934905583235
790108102639
357874170293
265709119677
615781234407
470012052431
876028274526
558425522865
298234983369
70907738160
668242528103
205401452823
431960231040
555809646534
877118378970
629796220091
86665670526
449571228402
943285739235
22117032092
61765731866
716120745741
295621821662
228727716706
236007697561
578989041473
415766962549
295786907379
790022635284
669336447142
978150302484
11592021840
150009031688
583775600060
464938671366
349121945644
663482748642
509696435174
293347514117
460676655979
425218946461
384783265619
110237718763
597205150119
355383112313
27723611840
65464398316
434407945425
707457961555
211614830209
784559066948
540883791738
688134767093
178250802095
427462060376
550310621562
144183335114
892614071640
616798689813
526847401939
151715568815
673254337839
751243261204
330294288251
239058506434
482108425700
489208689681
644513586613
232201173839
