736776859495
394172817729
398681904113
204836773718
904615501838
591014603753
667269560997
364576055290
781989847004
251158188627
533737375488
149146967888
481521352620
588021767656
752962538207
581401842197
211193476199
198985015134
420602103727
937025733856
405474308958
379481751341
665870536924
545680682339
901023230959
474045832146
968651834214
859053336407
430729381702
693075572968
333962185485
814673012055
429672034297
418557394325
398503667811
862777421920
417924161324
957329981036
874991109568
110901127119
306929140008
629154448986
562298590215
798820908238
483231748151
869504894384
45881213613
353834531603
820385823327
178560682808
650044571356
683076003034
974869328316
361520355713
172991298445
207766011082
599653968529
381415890922
98169166630
273312631101
607378240509
221932720172
310094016427
341736269089
105385673496
891788460818
899517844315
921013080246
238377408664
197750163492
817703010624
468325953007
338492165180
65450900544
471924961314
86631182027
647814534807
106074380403
917567331695
957202138994
746151638319
52981649537
233397149444
719042293936
628474228286
382117694931
468849570263
228838056926
918770931664
960694794219
535180280522
322595451807
749498001316
765373359724
537887329726
771943789249
583983739225
289488781078
892531805238
759730740066
