151186007157
7931721485
700458483090
94800544943
887262783250
687157487813
391818597202
901304323517
738655153599
860090487893
264694950891
991090938814
804960344598
807130886740
565933636825
149336128216
67678447606
765908497693
894864280978
584661643328
540521837458
865278821382
994225735421
320511770986
342619785169
666769089385
499966635474
37859419974
373452319267
728506832627
936405114387
216958197513
75815400324
390266299422
567900371631
228476337746
843082917490
205730960316
85825724928
591347416862
168869643030
232561504291
591727268504
510423068346
953191493084
416369883942
161119850264
67155327911
483117032080
261813620190
410048128399
837876924574
300561740280
562590035566
249748413199
589288781708
194059484333
809426309332
160817652973
914396920551
243725110612
213608475982
350646507143
503932019390
739421371660
204477490305
539075425312
856417956686
771235474145
90040526657
307756247184
214233322471
844913291297
457016215725
773287009306
928626811699
889259004730
2951351355
144107754983
755131806273
592326404803
70034215748
667884663057
760574244605
375710316875
226929604529
460677751518
263019044830
786043322653
55122308865
763984386100
81122798172
50801619682
382653070109
239980143888
29333686955
65380797158
198078616142
720516129221
896124683290
