353165684523
990386187655
922947703081
965715772589
920048359716
24030136737
771915531567
841583922650
345310833125
932189897122
570263930044
800089199097
271195417348
77170965328
69574699279
199507465649
216939526127
738090724028
378522789456
72852158361
951813139956
404641528675
893790058685
877008936818
545160219633
703285762663
582851146359
937917374104
723366379927
629551147830
447021429293
401514178382
462967981553
596438122440
102631096241
431415453214
984580742090
316561598970
243631409837
945466733237
779792465183
16223457678
766355433663
361908127619
729749679704
452871914767
452688843389
692698419568
306529831197
634400409022
549849631620
565736495426
378357515795
259075234896
502595412367
296765983556
20877584528
435128446701
585802970212
663859436985
315717287826
281363969831
518481555146
971113105838
771001114373
970599035873
444617152990
392016760811
738564417754
759122826584
873868066036
106282902782
581767621532
674331096448
650926303760
394789368736
560336132146
238476335059
99170438169
308020472025
202265582859
568953639323
980607380302
7768401093
90632377809
181296209210
364039795040
127889636382
831591049426
482224640113
567987160890
954152525498
489687323614
649640054693
975416724918
859062919758
559280016792
17500648871
716753628266
935831919273
