21735964723
7990155796
506967037075
95919664472
865268602421
465462011375
135691566423
643791389621
537647853544
316445669573
708249177056
556178156832
277246799091
575605860495
263755014363
431089688716
474407289599
867518050579
743346801852
602725897936
526896124711
547340491719
504923700374
481734941031
631423695453
590658659280
265311824824
566554550758
564029823533
468892443685
180724640202
418070638966
491585998417
828206017547
244520044049
539335737850
658021926060
448382968662
341973941148
32964024887
580260155950
731282706835
490720319255
624119920357
572790215594
9398557427
639447594644
917738813044
879081393581
240631997758
70990556558
191328035434
440469432159
24256086502
137665487557
445600598950
998088327576
38538415731
306330405625
399411182050
384379024664
915606970245
517567990406
47276614291
452417800815
695413527493
542774566770
764205076239
601659210868
372943812752
541853813508
261942476627
95277809114
150778327550
224003665373
590236813120
104877768879
545510540049
479289759415
20451004131
352106825064
33058629006
409272313308
681988749408
23073395991
812031033175
850922626697
532461139242
641273883206
774658552250
661587604008
280974054593
358257615963
717534658872
142023705952
198407606125
164580333687
788762408801
497299768081
252649576036
