58023382611
820221620762
979262664796
53809778391
272240811155
410492563828
4595905168
609220063079
996911108475
15607708158
800687828265
11702370576
52174117703
750141823424
168618377628
921276864992
232907439951
158233606720
131887384759
981894763619
623093927924
466137459405
38250198719
59105108313
487405972980
208163844497
584248212297
607192781517
299470952275
775099202439
418908046599
107122779642
427105717399
774666323589
840618308778
17492681235
439289900027
857896742218
448485723376
417618322400
863668370484
679154357409
78072940383
731196127691
21144934049
345946757305
613824857956
173872901318
713237814355
916455093633
258324741999
253585080617
416896879772
830315572806
767287296009
286160718830
391731858824
389552770975
894849983316
669463861094
985280590893
713388541206
945733565994
37657213904
969468159677
698218734385
809222441599
671428151105
797405008956
857197077357
801591987806
347959475412
16991973918
525194713440
512370391346
694731817755
871117452535
843677299579
428633986205
299121013045
275964975834
499353118991
350904666110
188820600263
669101477179
965262041065
525641598208
61521043576
859400377604
805414432895
780470628435
855273491321
269302104924
771063937976
218690365146
420340130191
597359092886
109820018766
880901527938
905211474853
