892059922971
425526221417
327464987441
790019650683
774994990606
176198972125
715996288983
408755451744
81218822941
928899308467
681467242781
159187029426
563830081905
119811316660
737697302579
65087400047
965697525323
294537640914
577437852225
391885423755
250021035882
526899965399
580594739287
479571979063
531915991178
953717554335
909569622315
328298595007
958158298891
422409988843
833208500752
459305675242
249409492720
704840016204
638467643190
143692178977
217565956092
107486937017
549639351562
602811657767
890432247030
888608980510
535189938244
559072620290
506287075689
674454507110
317646916693
934377647581
417027838574
293607053079
375159638490
767726441975
923482803058
226531387282
330982566661
199310151630
274323563263
968453282593
200124408379
889625909432
731189845012
290355416751
957002445717
379006544968
13818471154
873192981371
572398590275
223151767867
583026565190
962427988299
939630354851
760212394402
791958013516
249890661668
950020866480
693298254167
393973326522
116765706094
767895126135
406752580351
512410822184
889266104267
308134894891
930963620950
13548791545
672930165968
67565946002
897813666272
259463101859
586014117154
565154825433
333103378982
336249144418
956498302586
320371327151
509374318801
403569577252
953023655174
355319253377
866676480821
