378127494151
873201942818
817579883842
757126896246
875321990691
633836344579
146970676334
981296903543
896644556398
56703830173
653219742379
246589442986
587114629459
210665717767
95858762125
235846167079
875278108983
69663591902
121681526134
120968947264
468896581520
595179932608
785169840774
282184032756
390313050567
861071535885
924417821177
543139796514
825082350290
663958864500
584219098069
170489637404
836593015015
353030858878
737796307472
948297372107
740352187258
786379986299
510086539548
935582601886
145898471384
963298879498
235721234672
959777974831
182408458483
933404919501
224815455488
494068806200
182527262926
630312359913
344331448287
925657508385
853091899334
397988038676
350029161428
229658136635
860549432215
673117967346
458243037029
825791955013
893981494954
814265181650
945560564151
224377573357
662389945514
419562783412
990847289972
749401946460
420340326296
474674350113
93634678710
602685441576
144438036854
957541226925
704370701828
180776074280
214695942702
89943821779
878818516834
306224071167
637806964442
468836069789
102238890184
448502363072
117776750978
932877450217
707343962418
914770015946
937394515348
429440590214
840411901475
760361613044
327148459370
91943498187
694975516330
957021130382
982935903351
22586253502
493895297123
296882214433
