335702142061
800494282820
510178992508
2891785824
396611560719
319637522637
497533064475
991804315934
988560403538
139748383117
952697287160
298884507446
104775810213
255486967686
580458680926
816728093981
591286615584
285839884939
300173696939
418785202554
944139788877
279171451180
28927222669
289139190424
19493578310
274897161570
414977216134
270945134287
151439540212
385957594245
710064541960
237469768485
299368951299
448383227187
751247961179
282321886081
729300047350
869009274884
878312932717
885037841922
24830451347
365305380587
48809415923
644674905296
516826436547
102817698845
116542130302
644376035195
927293322045
425980721859
317236368745
381825479289
715490896986
400220826917
566508446901
797157699009
413770221272
79149605578
766274966459
826203338487
587247079961
109148790803
357839215423
974530112767
627835801473
393255758716
648596859347
425551476577
633948606172
911141600848
613752038155
620322899598
109688965158
394271349103
281944178103
98700461586
880060177339
45887238610
390432294595
524045581100
865771667468
854505832246
857526120166
533862248331
162138380780
707937836887
838079123752
330023707382
98257616614
633582188380
18247886339
916284169919
618815028283
673834788219
753055011048
329774062760
497830288747
295900377278
997976353326
960371241996
