710951665115
198138442779
414879676617
861725298729
620520292203
969925621940
600964699494
954769328532
97214367452
103649659993
36338710426
469687711278
626841794503
662347778597
730192903160
880500771368
491262517412
39687006553
437679707027
588842334040
11548612909
449738538672
493114518727
555235165436
505817166003
302005592514
262519546462
245931707437
567087681124
168113621948
808598220231
745284628011
556047672915
277176992191
228272790855
643504826464
971693693617
460839900446
274707159753
998502572647
819589890306
648793662250
393843441513
924211096941
39909994192
35589423353
158493395725
692949332483
672657712664
160328760185
478673833712
497644805839
859624495117
965099665572
545100524655
577800726907
565364029972
563398423164
238666661394
409059462616
156888901168
762058514225
845916101529
549168410780
768231825682
885188115449
583493740391
599224615796
753874289451
885187133217
924136761012
89456368570
800411517514
785880647960
228354704449
556144301596
516249722830
712326057547
703255248180
728738297865
618764000811
547570860158
414629199728
176691875345
448201778864
686285067627
518686189791
261260345803
804799806401
855885489285
40567993814
175449904762
265401157293
832936376559
723069568989
579896891020
727544673688
921436212276
778360062203
414105144791
