155915852027
763635076028
486157785078
143499114861
187990286274
553346643281
251998778971
759532272194
919423528722
247319224333
845435651590
338491142789
401044613261
244726038626
570226269939
773369088215
276223644404
853793636358
452719077153
465198255398
69674666695
409418278108
61402048629
781874738705
793175558964
596438701186
963849937431
876925286138
740134629173
365473132589
117988909197
52802733302
379586615113
122429320598
343955733228
472726388504
656406017861
843114585715
837633422377
445569289209
577607964007
627996371164
14010087963
751656604769
14204411058
449547978821
953641252631
247766858598
912058781114
705416261956
714063742135
414744733248
278758629413
277254559086
349710883653
944456284584
652270361649
151903308355
124205485651
110949395397
902162103267
75060002905
875041189163
838500229051
798900028774
596614865814
454490681056
79354540994
835764101447
500503893757
69862867792
946313097937
992295741925
878476708830
564699359059
74974204196
338971599395
938465374226
544716000083
555946874408
105718644304
212564068911
693121197056
20711056859
844395047494
547201570447
239073972636
895701506809
812922723806
963694929711
967828634346
286383093749
193952236549
795062415574
811632590421
670201105874
63797742674
644217183137
555871216162
736370832916
