438281972723
937384949855
221547644613
762147650694
449279027806
750040458030
105104165109
163627713937
982136217951
904375078770
385531267336
829216943880
380808738598
780597364780
513926933986
15944707058
595267392259
651800655991
816636252814
992371490327
717774038807
879502447744
711546949373
154445460694
789759112614
937261207870
32646569700
241351822525
846021781359
672467078191
127906991321
398792436752
268997226393
441327358719
787259266491
28159375250
937187297720
425795698661
21009991133
539828430069
985897831603
49501749335
34179312419
924049675778
359906544117
877409880341
756250688588
555302430633
901168001184
140431943345
345676692623
704178010441
581264823669
645884373537
804803184587
262134370146
503870328777
473836823957
164601016120
303015265887
157485083245
41546827420
733817322523
388570448301
884621681061
37084203563
623315685386
2608680221
807974552459
865217376523
698066403051
178223053531
286926924098
359082925734
56921908124
234438248684
260579997846
13528220202
701249276738
876933779963
877694834737
296204993159
108062892335
52576744110
584935061416
527203389422
100009381214
772501463106
900122522770
676602551701
119477632843
974672177316
552455371161
957958980533
347839829276
626322817519
892445774950
458888786203
885438724450
156631806701
