988479793158
256599246983
547501201189
874644875646
989368178105
796668719379
701032803222
809271343789
65679507663
671698712966
922819053274
150553743872
295530405750
29426356514
937661444485
45720524398
660282613453
317514264812
77656070240
131852248824
394517858619
95911699673
347257586851
513279809515
503195086828
810514282564
345251591356
189602374825
263295158414
452020419990
101390714710
216816940259
34367182984
171495292258
716341572319
620446168517
712765316026
46743848072
500378538357
38838577566
163353800986
474566914950
891770282902
53041938182
441355642636
558174688533
775025672322
145612548587
777854818994
921269118541
777083366300
374713229463
833128339224
479596525424
991514734383
570763934521
450317341964
383599123598
961522917503
254976003524
123475281008
865544912622
882878908029
409979745162
305836940894
513665011599
343298649313
738335601941
43162603966
406699855561
296693592001
967444513003
621725977201
520174106714
832702594703
212284685573
682058376906
422112280009
317885097352
617956673411
443100042792
609584758797
798381477747
907456162960
276501011677
18611781528
924604792461
969293879813
379853890359
805303184341
191643607635
106781184206
517240375925
537190211116
511259582247
352514896331
360649598331
286287794438
120415084655
531821651385
