980131646232
748914047089
588453752138
405957313117
855104646776
436949200853
182388467044
83468714646
32167048701
262294681878
250859551129
12838151179
174701544772
498722180109
57549113994
475062264453
853110405408
684513237792
157912453598
722323477629
775896649962
410355015243
188552161051
407507359855
755318447572
400198348162
356985089327
758257561356
104700692306
109094770079
42970402227
733718653391
325913017771
29594524303
53493110052
804074400420
934714400442
564576327254
307629791511
832903233110
304064632000
355477933461
992015313013
104838717924
160079306406
350050869076
388692305727
118786951479
407889282926
51439661074
271398677837
172678324689
366328805795
936410917503
445084508559
831657038301
470298928423
786497418173
417147510422
405304993669
450927733904
98918373882
18331641735
314891557076
107039188175
465525565671
685698286811
417395414821
870252307770
684547119405
263578758064
792178533356
250434126982
728314442301
986786843894
69184350268
69063103980
127620641125
276695038503
43956792487
9422933862
832580396022
903753479319
239408978112
418392849702
168939739396
651478618976
82637092123
625771193302
547494540114
784757257308
466267868697
138128421366
100376613516
307231944380
320865150487
331024856679
321466385217
929542080167
263235082669
