796559589544
23641957144
837983452209
484694487268
5826388476
698041869309
989105801418
722083227378
309064332142
437121902523
600241481961
676091413888
79405633788
687714641160
609293274707
910654644360
771496435761
630560154256
659273422626
540755882090
458432576364
7917543239
941262429034
552477851938
484408325149
363576156366
361359507169
818607465172
539636217192
400576203243
397223341930
477654537037
935156932101
789715925264
581335800238
700123539453
465595094371
346255127663
767104503217
291083696071
395521400691
536696409739
448801265864
773351055869
695829085056
465518282293
814059310716
673733831262
38273083694
574692834066
861379349877
727124458565
452487794729
293670100611
706632875110
875648459981
651023416771
151862496601
472859078832
92165871970
256825546305
162951885234
193353066346
791514067381
959501061094
615331274397
583990371407
668750086195
447602288344
972494307644
868594756493
181397162496
155933616328
979327083130
969137194262
967841527484
349319225759
83002856815
362490161775
808606840895
729948571534
770050209490
852474787245
137514995976
203633566470
137484923404
298786428500
575468408927
477692595006
762521503636
729152628703
158568822037
64729699041
64997821857
973817716438
284652102199
942720399728
306742989123
570875895608
672400050725
