244681873831
921406675563
372177551192
84326618061
202539194580
528262480106
431513507510
15179715200
420940451337
186080309354
12771634715
860126099895
358476100202
660886865460
429507231704
880330686440
155926322118
357188930616
857059195978
842937483354
401099516272
321449500740
737997212522
331505982704
623689115221
96438036983
861517728797
898790524080
813071386520
442380565452
672738314021
944152496632
529873165093
501588497961
136490046909
997454449060
795937339406
979037483673
714270780903
605803601431
186718829128
794410565144
689021741641
25993639351
799589788707
500038909918
405211948636
857533046049
540726066979
730867792828
66787185305
834711533898
683910373075
559642173093
217096794812
688810800612
333436884819
556873381241
363573261636
640095689447
369514706730
909498338079
602460883350
605413828906
185930789783
246651343204
363393549603
61642663028
461663687133
681624814573
223953908025
748250886127
888213410920
591864506399
137601524486
185538359130
280234914785
468856684931
20408101271
255213433021
477740063748
314111226803
360995143463
94055729288
58725389788
528269840186
985903762028
923320781461
292704097519
673772526394
218375486123
283186835197
430261314516
613975773714
703514723444
286809777664
4225549055
773566333910
279618518901
938936118429
