432092349575
820891704173
438868832838
540800690973
992755031488
323889371097
953101767118
764444775166
965348844018
349594077059
426301625983
891286084533
765964855870
868165332313
310247261993
52365681285
208488377916
196418016831
819738580353
978670101049
744270730895
101218186906
895076433261
725797196068
212365331241
804008512821
488389252363
456633121467
281395576973
926549447969
341732583609
922964676424
670446587002
713447280365
307986082138
585419322858
483005179023
915637408405
173946194502
241745959726
694572407011
61661099445
291187946689
235272451681
216154434622
525141286734
726817014948
769512735020
681114013337
462906545492
14967738886
316605032694
42682216659
131052330406
525529728505
576411191983
399737738296
860202684233
629720546054
474239114913
10872758515
134007718777
88431267841
313257288100
29666291861
339931083579
509436076131
427256846367
46059665532
176940958208
870634795996
660909906669
111559198938
380053329935
622866572939
591857741660
369881620485
893099150307
787498237878
752653319752
471099876158
537419036590
993266204118
79627205611
388417471435
745796882787
416452939025
191193276338
421361505338
186125635489
807252029600
107475201490
190176950537
940254766974
232313889861
709198236255
408363341223
488112319782
539026061127
626760664461
