614679842551
225841787001
980473094262
124768015618
399090749313
713516994304
166957070875
737251652264
426894616301
951752879448
452890243343
955094789490
807566340171
610656180481
259364682753
331360795406
983806281021
504400737466
804009425081
215103923977
918459869887
608499353632
311197923101
100738995101
544054095743
905206871881
758868356008
739443542624
248202738909
675561466219
933737235305
229170638616
688604573155
220675483736
3013172192
896623696338
156987199970
40625971111
668134007698
963576986519
791179406792
754694022391
445220696148
488136775174
987647749030
956703039524
388032373159
509881159089
558973899468
326465314541
797795462403
376694572832
258154819716
683589824165
17817068088
764533568359
842931257931
880833309424
552229656651
540681058732
815858968832
827403478658
670113789040
381422990352
310472130391
188935184691
175947217253
839115820525
359712105103
780897589711
108379218994
332911925202
269014916539
699172554886
761216557
171077653459
584830511817
235538063191
437711578863
423809249435
893656424029
948775811215
261054513549
351743234109
798591474121
866328101104
179969740688
498361876827
92894755351
849047519173
377899987474
664590244292
390139053801
603309489727
180287008369
514055937148
295200912415
591517749567
382821130731
18605966166
