656988940474
587839977761
75717672146
699672057514
588369679769
48880382075
237959330877
88105840887
254053696043
343438540595
816818360139
703638959008
402472320810
850887633169
566817909753
717837250123
697692352316
722408841981
613728654609
663878355205
850095403382
441523512284
776588317225
690205799577
152225798710
724702444134
654630422736
611614653430
747858501104
680694471669
70153190756
829904349283
413745972831
677902298905
99100712904
828892042583
20570249716
250457505312
463468283462
360896733406
233137955285
141141260272
265206983910
899855224870
758130735018
388591949277
630703083964
300955325471
623241274899
172005197687
485034623932
461763743906
813388121553
252765736070
459723775389
101985963277
15324847829
798944756907
866119070468
819032101252
366053307705
247354832722
207672461735
631828828906
666785958794
354920232839
868951777237
826990004451
115490691106
887104457083
183546079072
548591460614
452601130028
738526999707
559227306114
482031436803
910636547353
289448623489
254469884920
537963745139
247754882700
798051438721
525014763451
108360002889
276534365362
83849953222
449258006544
753347304784
661950440081
970005856482
103874179791
59375592850
960417883396
668875523356
70512066719
238066324440
531100380409
367144939695
873925697846
5629628288
