956959333402
755791160039
279064344300
665518182759
172388471682
790861671656
208404932570
288117728370
297469370767
71458931161
321594721522
29050841278
678695160578
876960874054
145129814090
323354995389
497567133558
430149986570
537979437912
864654560539
268234915129
738663127330
901104810764
831214145113
1118270486
200594670256
853375808034
264562379287
986766207225
551425900166
267710044088
385038993626
837573463894
330993848661
892265280132
193131960146
422352058178
35772694907
73649736970
835349093901
419987371489
99552775583
944151359447
768485197258
225486233923
419188990448
176092563865
926931204938
947335675120
325032934318
961073869050
947577544283
102704188828
859792181884
656205988068
364291487864
94202867504
622952150091
918475207475
745917745639
127604193841
866446013896
980918674609
240686958843
893972619662
607324460958
345559760643
683241623764
808116610136
426694982957
803003876857
646065249301
55422230952
263514130182
643237201821
850725402032
772451135842
662669507376
468831528480
417391197856
465566094565
413681460195
984073230535
521953347322
45851431435
84261378674
617748973787
231923617434
127077192248
850695761160
743809715577
185538275603
347179664192
569938488863
691136445754
936969116402
611369536034
328811353051
371474740578
896996777373
