839820156139
555434683288
959562617525
264762091984
550637023832
581282654142
447046567224
799572761735
920265653481
958106652998
525320458378
637096396993
624754856648
743421209030
476777249769
754285028289
925258677696
551025231811
595930454232
430574007766
197595800249
168267174175
237119958901
569291898164
970390727907
917428242341
187481707075
439385645271
735587112417
747329687785
433311161362
999773982619
867393215917
177218476001
609146944650
172886007052
781999193594
670831473140
629725722547
74240150174
628831745789
904183906160
481021129164
573974313364
679167052864
36119419756
953392251776
359418618067
670910064017
996767778500
972025119879
96676664739
889327531727
670851735565
622509642477
299327597242
926436068174
623106824818
556588560489
632457535416
792031977437
762663631280
687831979974
992059405064
816452740892
862998132632
695475361696
437112554673
640143823201
451689979580
346167817768
305458192645
633937240562
240979311881
256590063956
523319960489
635302365978
420100437082
230277544570
357028948024
30568924837
186326891125
274416068899
166137585898
749777816642
728098483404
659494474064
259902482107
487887459613
550167139561
823059838776
780498221898
801363278608
112017832702
980127922030
254280912231
415863304033
844514428232
883271266170
719360121776
