676612475286
721676217542
965346573867
976009591303
136647338406
984621868438
350302349630
343782586734
750298718146
355883801727
334784123372
629143478861
889159213511
664651462794
156320975471
686147435246
85935534224
734038370552
248718049172
952315184985
924978191750
52748506603
52335884127
640960946049
818952674521
633583318351
95703219424
823959292480
386571464836
716458061170
93586740431
489808185689
878606139054
227571036502
146145356802
20743848255
74209394358
302660273635
299072729471
361960943150
328578502412
215116738834
884558906143
942619419297
527628944287
130007911751
344330601138
709082136061
239578002767
599658288994
278578263659
54059673627
1138655877
616102832155
618720485590
28876831250
839227795716
306457551486
881697487939
96304380439
276125478697
842183235712
658816657094
400447065429
616248974090
287127145852
272107213623
403162774268
147564662519
96697264579
972558768600
59856487629
215416972311
320352883005
817433823066
703864032252
347142997332
396342379706
502248558603
96618343490
843118235588
435070895252
220133291110
601829636306
461043527028
699103261848
132174307075
586005878657
637466222191
821698277840
524205715857
559840828519
356060401545
217274677977
625119909611
156944909103
504986671507
182629757428
483781505452
283637122550
