510050472083
451297200577
871443900027
16007273542
445892251746
264636219610
175810961182
734874743948
481269392287
678935279195
343960046532
335618903034
170953283206
457350375910
320453985610
2512772240
472131340199
682735603705
271973623729
511885037939
798887450788
704847156435
774319840217
994683215423
133257272308
347205959428
657602422803
224994081975
46254679401
382795905208
641783307915
906970959650
547126720474
528878950564
850186503422
567268952917
132202358474
323733973336
395537402656
313758997125
241959071157
422925031695
73157578005
582982708908
104851670507
528080600298
504762328414
72082741338
281655129614
739622573634
523606382090
478999905726
607681089421
999720011800
857564515626
912089267014
380057535238
653570660361
33661380209
914613303046
819770565940
962711769325
986457011641
351541070942
442089539767
167585062541
130212712851
227735661276
520356764999
949769876277
57390485848
169944176499
553920231297
350474546378
702218466978
623202519826
739448069240
934377744513
198551892387
477842278804
150941903323
231082484671
970907421858
446272863040
62283894188
794388776844
77447747783
764337307847
732111404326
281210130145
400979233330
38116568696
193712954576
744653429356
901549751542
388750525035
356995080612
700197681563
451419444237
53152089079
